Dataset loaded successfully! with shape: (171, 1203)

run with number of features: 156
Final mapping of logical qubits to physical qubits: [0, 1, 2, 3, 4, 5, 6, 7, 8, 9, 10, 11, 12, 13, 14, 15, 16, 17, 18, 19, 20, 21, 22, 23, 24, 25, 26, 27, 28, 29, 30, 31, 32, 33, 34, 35, 36, 37, 38, 39, 40, 41, 42, 43, 44, 45, 46, 47, 48, 49, 50, 51, 52, 53, 54, 55, 56, 57, 58, 59, 60, 61, 62, 63, 64, 65, 66, 67, 68, 69, 70, 71, 72, 73, 74, 75, 76, 77, 78, 79, 80, 81, 82, 83, 84, 85, 86, 87, 88, 89, 90, 91, 92, 93, 94, 95, 96, 97, 98, 99, 100, 101, 102, 103, 104, 105, 106, 107, 108, 109, 110, 111, 112, 113, 114, 115, 116, 117, 118, 119, 120, 121, 122, 123, 124, 125, 126, 127, 128, 129, 130, 131, 132, 133, 134, 135, 136, 137, 138, 139, 140, 141, 142, 143, 144, 145, 146, 147, 148, 149, 150, 151, 152, 153, 154, 155]
Order of features in encoding: [116, 38, 10, 144, 81, 76, 40, 135, 66, 17, 20, 131, 119, 147, 8, 115, 148, 18, 12, 52, 74, 98, 107, 152, 110, 27, 65, 121, 104, 44, 33, 60, 113, 47, 36, 93, 146, 106, 29, 67, 1, 96, 31, 21, 75, 32, 0, 128, 99, 4, 125, 155, 22, 87, 3, 120, 43, 54, 72, 136, 134, 132, 23, 85, 25, 73, 153, 92, 105, 122, 56, 97, 109, 118, 114, 2, 11, 64, 58, 24, 6, 84, 117, 45, 80, 139, 142, 126, 145, 28, 112, 90, 140, 129, 26, 63, 89, 14, 130, 83, 95, 101, 41, 68, 7, 70, 78, 59, 127, 34, 123, 13, 102, 37, 77, 108, 143, 154, 94, 57, 19, 137, 79, 62, 35, 124, 86, 55, 30, 133, 39, 149, 111, 9, 82, 15, 138, 49, 61, 5, 88, 42, 46, 151, 50, 48, 53, 141, 16, 91, 51, 69, 103, 71, 150, 100]
Number of active 2-local interactions: 296
Depth: 1034
dt (s): 4e-09
SWAP = 0
2q-depth = 100
1q-depth = 934
2q pairs outside the coupling map = 0
2q gate types: Counter({'cz': 592})
Total 2q gates = 592
Qubits involved in 2q = 152 (of 156)
Average 2q per qubit (involved) = 7.7894736842105265
Average 2q per qubit (all) = 7.589743589743589
Top loaded: [(21, 12), (23, 12), (25, 12), (33, 12), (41, 12), (45, 12), (49, 12), (51, 12), (53, 12), (65, 12)]
Saved job ID in: results_J_ij/ibm_pittsburgh_features_156_T_0.005_Pearson/job_id.txt
Saved 2-qubit pairs in: results_J_ij/ibm_pittsburgh_features_156_T_0.005_Pearson/pairs_2q.json