Dataset loaded successfully! with shape: (171, 1203)

run with number of features: 156
Final mapping of logical qubits to physical qubits: [0, 1, 2, 3, 4, 5, 6, 7, 8, 9, 10, 11, 12, 13, 14, 15, 16, 17, 18, 19, 20, 21, 22, 23, 24, 25, 26, 27, 28, 29, 30, 31, 32, 33, 34, 35, 36, 37, 38, 39, 40, 41, 42, 43, 44, 45, 46, 47, 48, 49, 50, 51, 52, 53, 54, 55, 56, 57, 58, 59, 60, 61, 62, 63, 64, 65, 66, 67, 68, 69, 70, 71, 72, 73, 74, 75, 76, 77, 78, 79, 80, 81, 82, 83, 84, 85, 86, 87, 88, 89, 90, 91, 92, 93, 94, 95, 96, 97, 98, 99, 100, 101, 102, 103, 104, 105, 106, 107, 108, 109, 110, 111, 112, 113, 114, 115, 116, 117, 118, 119, 120, 121, 122, 123, 124, 125, 126, 127, 128, 129, 130, 131, 132, 133, 134, 135, 136, 137, 138, 139, 140, 141, 142, 143, 144, 145, 146, 147, 148, 149, 150, 151, 152, 153, 154, 155]
Order of features in encoding: [94, 24, 8, 145, 65, 127, 59, 139, 78, 44, 117, 47, 49, 96, 20, 95, 48, 101, 43, 51, 90, 63, 107, 15, 149, 122, 38, 16, 119, 57, 135, 40, 142, 70, 55, 56, 120, 137, 121, 143, 61, 69, 150, 138, 0, 134, 22, 30, 36, 97, 154, 129, 26, 148, 125, 146, 4, 115, 124, 116, 37, 102, 18, 75, 58, 144, 12, 60, 39, 133, 34, 81, 42, 1, 140, 31, 111, 83, 28, 136, 46, 3, 41, 92, 152, 72, 14, 151, 118, 112, 100, 105, 19, 89, 71, 17, 2, 13, 88, 87, 64, 77, 110, 52, 73, 7, 123, 67, 147, 114, 9, 11, 84, 131, 45, 66, 27, 54, 113, 50, 29, 10, 25, 108, 85, 68, 32, 104, 153, 155, 82, 79, 35, 21, 74, 130, 62, 141, 93, 99, 23, 103, 76, 98, 126, 80, 132, 86, 106, 5, 91, 128, 6, 109, 33, 53]
Number of active 2-local interactions: 352
Depth: 1716
dt (s): 4e-09
SWAP = 0
2q-depth = 168
1q-depth = 1548
2q pairs outside the coupling map = 0
2q gate types: Counter({'cz': 704})
Total 2q gates = 704
Qubits involved in 2q = 156 (of 156)
Average 2q per qubit (involved) = 9.025641025641026
Average 2q per qubit (all) = 9.025641025641026
Top loaded: [(3, 12), (7, 12), (11, 12), (21, 12), (23, 12), (25, 12), (27, 12), (29, 12), (31, 12), (33, 12)]
Saved job ID in: results_J_ij/ibm_pittsburgh_features_156_T_0.005_hsic/job_id.txt
Saved 2-qubit pairs in: results_J_ij/ibm_pittsburgh_features_156_T_0.005_hsic/pairs_2q.json