q1_z_4,q1_z_1,q1_z_2,q1_z_0,q1_z_5,q1_z_7,q1_z_3,q1_z_8,q1_z_6,q1_z_9,q2_z_1_4,q2_z_0_9,q2_z_1_7,q2_z_0_2,q2_z_2_6,q2_z_3_7,q2_z_1_6,q2_z_0_4,q2_z_3_5,q2_z_0_7,q2_z_2_5,q2_z_1_9,q2_z_2_7,q2_z_1_8,q2_z_1_5,q2_z_3_6,q2_z_5_9,q2_z_4_6,q2_z_0_1,q2_z_1_3,q2_z_4_7,q2_z_5_7,q2_z_2_3,q2_z_6_8,q2_z_2_9,q2_z_0_6,q2_z_0_8,q2_z_7_9,q2_z_3_9,q2_z_5_8,q2_z_7_8,q2_z_6_9,q2_z_3_4,q2_z_4_8,q2_z_0_3,q2_z_2_4,q2_z_4_9,q2_z_0_5,q2_z_1_2,q2_z_4_5,q2_z_5_6,q2_z_6_7,q2_z_8_9,q2_z_3_8,q2_z_2_8,y,split,set
-0.5182361264796027,1.1252810684148544,0.4931188029005807,0.3199884605418674,0.6955169434401159,0.8407365837975633,-0.5975749447325656,0.7586702886877771,0.6561322750740195,0.7049142683460345,-0.35347335825762505,-0.07660044796789799,0.5681169578266653,-0.2603555903345598,-0.42519766048450164,-1.4212049431603229,0.023122008415768114,0.05868319540303173,-1.3763637452275423,-0.2062230303734953,-0.2127180522775178,0.5390567563137355,-0.08678846970735965,0.29481805168031555,0.3780422284626719,-0.9791500701195461,0.016785560656102993,-0.3329580971181183,-0.3219845266110248,-0.9295524563842819,-0.4476239388995163,0.04784308782320709,-1.0637736010625565,-0.0321710162465843,-0.07075120323620114,-0.3886796962962809,-0.12656064423756352,0.2170563989413768,-1.0890642650313471,-0.023557709677064536,0.2258284333928992,-0.013334437910822158,0.2154596123446428,-0.3726959670849707,-0.6512518101690833,-0.20313118835926566,-0.29181593933707156,-0.23143606484671064,-0.11392138517208857,-0.3045217460183578,-0.09858660643183358,0.029941149702175516,0.08295138525843533,-0.9389921177057666,-0.13626937934753322,1,34,train
2.4283894684892133,-0.8507286766593399,1.022098582900648,0.411000488298417,1.385671932378888,1.3944691939019962,1.5027718558926324,0.8123837043851491,0.29094821557772516,1.3038067484896565,-1.705801665347822,0.15981807354186886,-1.7398092077443492,-0.10985984909803388,-0.1357532972636443,1.6385907274815623,-0.7128679051333852,0.7426923675090115,1.4318679493485105,0.10337455476630576,0.8373129247986538,-1.3862139575939392,0.8707864392218678,-1.0648290699314953,-1.6125624601810453,-0.07457213912900958,1.1364260117651883,0.6933993223516406,-0.8228493457837299,-1.2601286206325994,3.1775046903475115,1.191080528444589,0.7302084409264334,0.1009979375650166,0.7918709281584599,-0.2385375393657777,-0.002585397870051748,0.8292446255116221,1.3985053741687579,0.6114363643409715,0.6695753725642353,0.007073049674436021,2.923780098469714,1.9865651833076592,0.024274020862863472,2.0273379347177216,3.1174662918679688,0.1364696729111494,-1.1662902372811534,3.1100888271894083,-0.12251464014420925,-0.11746732389549112,0.6752077093931992,0.8553318743569441,0.42410595392575634,1,34,train
2.5253273206700935,-0.5517879500388865,1.3120501715450856,0.493629829287916,1.6612893836781077,1.5294649543789234,1.734731487429152,1.1810530575807474,0.7915863030770961,1.4846539306774462,-1.0252181382501413,0.3092780584043652,-1.5014743488161009,0.06085173797623429,0.5015320989506995,2.1405414907401035,-0.7105314292173561,0.9825397395461732,2.172041101771796,0.23357914664753052,1.2931218262112647,-1.2205700738867908,1.2044867862729622,-1.1013787237382644,-1.5031885761896322,0.7337264576224353,1.384088415697152,1.8678908023634264,-0.7065771556186377,-1.0513436747915568,3.618058516818504,1.3504742100696854,1.3012252813590193,0.5298471108566127,1.0425281443490553,0.05936356565506192,0.19529816844732284,0.9581263574211475,1.8519422024954573,1.1030446797097737,1.1278238456954188,0.6141958053358668,3.5636015415865474,2.8550048705687496,0.24582911657109038,2.6924324691499755,3.6489513545273096,0.248440984402672,-1.0868661729710354,3.737373517155691,0.6336112251668623,0.6254713830367488,1.2158314309110863,1.5285028246501642,0.9844812871990459,1,34,train
-0.5353428062762287,0.4731516840883826,1.570824170012702,0.4409386553235978,1.4901398373068182,1.550714287046588,0.708389556110031,0.962537116448257,1.4601873853002818,1.4479602995089091,-0.1030421902779589,0.10275153386709755,0.07636275522787388,-0.07616677270179674,1.2987735906292013,0.28302309736418485,-0.08669235963759762,0.12678800474691715,0.26627966280818727,0.0339321057629859,1.324145468715788,0.14802857182472967,1.4888575168034601,-0.007325753122309079,0.10096172235109219,0.26352505785012664,1.1570645454261854,-0.6821312398243249,-0.424840694833991,-0.11761100033578217,-0.7937733739838679,1.265281035407996,0.1816725784636345,0.687844174700885,1.1034988185575785,-0.17180769184110964,-0.021658512695822793,0.7789001989844638,0.35484071902574027,0.654679688378042,0.7101796676518085,1.3514162943533186,-0.2547706048858012,-0.49717232225906033,-0.24723957681878714,-0.7215508824984749,-0.7422819375666349,0.05649016470291895,-0.06097200896534317,-0.6618012868252406,1.3921298938491715,1.5983673087813486,0.678244921311839,0.31631598889084284,0.7100117362080469,1,34,train
-0.5781095057677935,1.9482337250958712,1.2673622922916419,2.0516120412783243,1.693518843709065,1.5682137374787821,1.5642040870758203,1.7389401251648153,1.7733570980433948,1.5030007462617145,-0.8278194529014632,2.31747676410227,2.6648603370055612,1.5388546892245034,1.2810006911331837,1.9241315808322292,2.336233165284536,-0.9717721807566262,1.9163002118979697,2.496245610005703,1.2310745412022182,2.4018715796433048,1.1522554276040953,2.409824685298688,2.6797548537930753,1.9987921284384085,1.4279452997267705,-0.8487820579341053,2.457368019066085,1.9857040096184264,-0.7874797478914252,1.4823862224490756,1.2427747386375734,1.8547653462364386,0.9951065088535372,2.354393678735611,2.3362553076401222,0.9843054592152698,1.6771537044253888,1.8495610104549915,1.8412993165199198,1.721302006836123,-0.8252138192309301,-0.8677065888237924,2.118186886183753,-0.5849915484325368,-0.7746895633385459,2.4695861837855286,1.545159069305934,-0.8827145906829315,2.143470152417768,2.002266526438955,1.8992041126050445,2.074705588589147,1.3778876436194778,1,34,train
-0.58238617571695,2.3025765941015823,1.9002673728811132,2.3066852243328646,1.9802499019155113,1.6307117747366189,2.1393368721184234,2.1430115023427727,2.0312615673612524,1.7467512961669962,-1.1224443564069528,3.0702115969552057,3.072141425047505,2.9315018469356384,2.5225646702121245,2.558332844590027,3.1890468746351415,-1.2027363167924117,3.197463708285118,2.9736624469035267,2.474406675421958,3.0725935349820857,1.683274240737576,3.433214991888223,3.6738419327372513,3.219076713561781,1.5620957685232508,-0.9942708673950248,3.418849591585117,3.35440532124304,-0.9164990827865016,1.2680292023325666,2.690549719891846,2.466439693404978,1.593522385344598,3.167067893232461,3.3852766230575297,0.6540460211971112,2.4497695292278654,2.634768736391273,1.8906045319834017,2.103942399059714,-1.0975876062605863,-1.0529737221061584,3.4475174604331142,-0.9997273037439042,-0.9464499799296744,3.413344380642648,2.9527299868019163,-1.0545360492389133,2.832597523334188,2.126089644260995,2.333525416970538,3.464168760012875,2.63129859314504,1,34,train
2.1618103749917923,1.1356689701120903,-0.16888536185392397,0.35112415424805543,-0.4836367494166268,-0.32922667366913916,-0.45246777797227694,0.18857562662703387,0.09372715080524568,-0.3107130229259722,2.3010970223268363,-0.39997750612493543,-0.6899290696806721,-0.3928816908264259,-0.46582143076111315,-0.27002445017815985,-0.41613546379769484,0.5916773554856134,-0.17143070639893832,-0.40876350663317823,-0.3034025457522781,-0.38420423484086164,-0.21156338208298625,-0.1047914966070267,-0.7740293495802121,-0.43282082466981614,-0.003852973004893971,0.29925691126660425,-0.18111629621870143,-0.7130347347713486,-0.24622790394134808,-0.015364751441917382,-0.3713594795931218,-0.17662547461849035,-0.09784928066221144,-0.3338658929724464,-0.3053710957291671,0.22712528424680847,-0.13659360888140878,-0.4059197327416884,-0.3513326182090346,-0.21740931376340394,-0.8766050998025633,0.7939080128024277,-0.5578511325665955,-0.4282012019123857,0.016056505496083194,-0.4622340742476042,-0.5816408749983396,-0.6018001425675962,-0.4048654379502423,-0.2855129837968311,-0.3361838595138591,-0.5652744371159363,-0.39701545278898226,1,34,train
0.9201505330866939,-0.38096467768434167,-1.3016711382784296,0.3535192076100699,-1.9350738115004213,-1.8654284294667645,-1.5932007604600924,-1.7560941735073643,-1.2077151502483139,-1.9435796099258695,-0.12366593352334317,-0.9978174455749206,-0.02922863796818562,-0.8870468113045705,0.7300408067566395,1.8940746489005802,-0.07734645597348139,0.3518299834484516,1.8818735536457238,-1.2218188470470484,1.2477795794738846,0.09915004876360393,1.2073885284212327,-0.04387540692907819,-0.025425876927873986,1.0449550031860109,1.446004016680143,-0.8858155730696121,-0.6417330495650285,0.0003138301855475315,-1.4168423571357007,1.5098678916947819,1.1416103377735327,0.8616409449295844,0.9996228550912056,-0.8891535527312915,-0.8799486798555197,0.9500712491768022,1.5935592053483996,1.4034719835462637,1.4352563656441877,1.0299983648855022,-1.3031527285471192,-1.1050801033418238,-0.9901007800757833,-1.0578914645497666,-1.3094153885750779,-0.978673184392178,-0.08303424905148708,-1.4445434869136022,1.16720637695284,1.1119193459090486,1.4041385698667548,1.6003716093789777,1.0965563538537038,1,34,train
-0.5210872397790404,-0.03470128777648046,-0.4598762035042557,-0.4955272092240574,-0.4558527321485603,-0.5192207069329626,0.245529469436702,-0.6134633304905429,-0.35923111883704223,-0.5334957835920898,0.0030227749840173613,-0.27225715542425677,-0.6597601001960838,-0.2693404107068897,-0.8314353632506172,-0.9943965097309048,-0.8273552250188091,0.37551861278545523,-0.859963871443855,-0.30170639775306013,-0.7878486556306027,-0.6068730621193233,-0.9195884662609605,-0.6189232934889122,-0.6938218346531758,-0.7574836959411722,-0.7339411012626617,0.2198993788333755,-0.7110491629326797,-0.44045438881220944,0.21950042689941587,-0.7985923249445467,-1.0974950680172368,-0.6167601524703916,-0.5540002506667181,-0.6746647571162869,-0.39596839115157956,-0.5622753236990342,-0.7318877689751203,-0.5925488154279929,-0.7312728079570413,-0.6561702968464548,0.051007514515416484,0.25837020565808855,-0.6186701784472852,0.26471097464441085,0.1586500588924917,-0.32512634589063777,-0.6919520754290592,0.18639670699873312,-0.6130393312479108,-0.9105249118509376,-0.7765795877166322,-0.6658907357362752,-0.4953670418940902,1,34,train
-0.38708491470547063,-0.20783298273041106,0.5263748990891901,0.14035945839078268,0.024255086243628973,0.20325660376762933,-0.0754009796754689,-0.03360259284845922,0.120817956405861,0.18071953736693427,0.15622772480687194,-0.3755204176928906,-0.635624924608413,-0.5029457403874672,-1.0193203007799456,-0.8891972479701327,-0.7222138087975014,0.02907240873177719,-0.8034057900294511,-0.4782059556364981,-0.8761467150665535,-0.6150194826295109,-0.9805250513746386,-0.6505996601214454,-0.48965725120253817,-0.6679215245559704,-0.8087557857837756,0.047958058561379815,-0.6596210788211966,-0.3457278856065511,-0.007070112428523357,-0.9305043373239369,-0.782761376440221,-0.7657288126664198,-0.5720656356173917,-0.5555043151079511,-0.5962360968221755,-0.5360962219049119,-0.6761581029237941,-0.7951096490753233,-0.9661976581065721,-0.7275965033948585,-0.1828228120855147,0.17442103588951646,-0.5274416096262506,-0.19807343524571241,0.08411251961709634,-0.45994894544165477,-0.7647574677133341,-0.06451716898778002,-0.7972851908332035,-1.001918165481491,-0.9588123028350211,-0.47424064312610587,-0.7149426826868893,1,34,train
-0.747750747084334,1.3688196526500502,-1.3733795956851185,-0.4009226014244861,-1.8328286279539365,-1.792930706247674,-1.7796158068090762,-1.0248592643545054,-0.9107999208655699,-1.893781110482855,-0.7895182154457495,0.19242752478459532,-3.178869052159217,-0.06718195232946683,0.47360325688552907,2.1645870362854227,-1.8390492966593912,0.29853056744019346,2.0343344687628124,0.10916142551658242,1.4506264727726905,-2.6597710306866045,1.4192157052449708,-1.6642433923625086,-2.903174291279719,0.7449217290455855,1.342811348375158,0.5267485042418601,-1.1470698760517757,-2.3581827802410467,1.1887188451356003,1.366963211617109,1.4540959315535698,0.407963661605317,1.16898583900377,-0.07409612939427423,0.057018085960482766,0.9379885868102842,1.8722075356050305,0.4908102499217747,0.4868560446701557,0.6269504850766532,1.071124433862336,0.7736444200996689,0.14374000384278976,0.8058905577946096,1.2118978964796001,0.12732915768735162,-2.4635499543464157,1.1245964172091736,0.6838600959628512,0.6166268746208887,0.5506820207289668,0.7451330711060968,0.506446819223056,1,34,train
-0.491150550134945,-0.6106527263232229,-1.036661621775449,-0.6883290048662217,-1.1515645245409458,-1.150450883237113,-0.9174462174450263,-0.9308607868841045,-0.8674546319045855,-1.199223091935547,0.3388951649802755,0.4043889578623173,-0.0020765654320560353,0.07657517362781162,0.08259946797314283,0.34914834761381297,-0.22921739051537016,0.5117282314732261,0.2466072866640468,0.3290625140270953,0.19774860239771294,0.08014173423983281,0.39780246905379485,-0.11453807095549846,0.09610066084036271,0.10455220364139371,0.31346448203293437,0.3786144436998331,-0.30856850466889874,0.006113412014465386,0.5656498619837674,0.3583859502996882,0.17268018727571974,-0.06828463083956081,0.3063637076091088,-0.031198370271273326,0.045097389194375864,0.27344215665179417,0.35737388566443695,-0.06452506929113137,0.21712751301699065,0.16778201440834417,0.43387255477408404,0.4812697253884351,0.1307073511540705,0.40632806182390213,0.6026345319676728,0.18902763544798654,0.014039607327546152,0.36367281503268256,0.07369523629727136,0.062371013893662175,0.055616477990677,0.10070963470440226,0.02383785873054951,1,34,train
0.6507203262898356,2.179075985034445,1.3214034485981319,0.8025917129877818,1.0622659713785938,0.8119874866589585,2.03341923214741,1.3910236825795652,1.741931763546681,0.7874749384752427,1.2993723504081716,0.31471296694481954,1.3826791339105529,0.49436932094115216,1.593295925134635,0.4994330072720588,2.5768901846355283,0.1623209487524226,1.1121918370062278,0.23357914664753052,1.379033451608406,1.3428369133189142,1.172567622641988,2.051638077992351,1.8436522739476064,2.513774613903318,1.1028883945660684,0.8785668980291743,0.6573850751641755,2.98516527813527,0.2604089965002938,1.0729093506880518,1.366420117471401,1.5613422276685045,0.9905901626158689,0.4859579480449043,0.5386142353112017,0.9903467903985288,0.5093638839862357,1.369332517201208,1.0176121876005773,0.8565347204108077,0.9606331806333246,0.7041692451187818,0.7150046133649827,0.5327718896627336,0.3206881877520468,0.45638770574407117,1.831968190425805,0.36094549029369877,1.3610234500230831,0.9055474828723153,1.0578964111418159,1.8782642436637231,1.4899627102741357,1,34,train
-0.508257229931571,1.584657165692617,-0.08158810935882446,1.3342935593549927,-0.30248495682883314,-0.17423154126970417,0.4224119281882946,0.5291675125262787,0.554270846015706,-0.16655947190671963,-0.5921195300970716,-0.3429109664501641,-0.5239997375154358,-0.6691649172755704,-0.4988282441108601,-0.49244574647236367,0.16798351520956972,-0.7230415727180881,-0.5771734643718356,-0.5910499352668929,-0.0766913120653774,-0.28916266222200604,-0.04906582177984462,0.36304407211961787,-0.6573638733227049,-0.15293903909106102,0.009046110533229132,-0.2297933049549209,1.0397417005147676,0.12790463042174033,0.07789383981945384,0.06982842321977213,-0.5422149121635018,-0.07279883266368288,0.04667379894317681,0.009316180011560865,0.19529816844732284,0.3439243537898158,-0.29871627375799403,-0.4241274481257181,-0.36003353858494314,-0.03629286144423761,-0.21108801639991298,-0.1903236327601416,-0.02134026354765383,0.019409948637077765,0.135964720852154,-0.6496146363354585,-0.6500338192653857,0.2000333306936523,-0.3378669435555904,-0.3120465090444111,-0.3392210714324989,-0.14124860721593657,-0.43589863917937377,1,34,train
-0.43555384079591075,-0.1316550369506816,0.8142479817218397,-0.036874490398287614,0.9433503774712692,0.8369867015620931,0.8344315476755371,0.7769816804027903,0.940043917768468,0.7429183863420192,0.19158271322753068,-0.25323497553266633,-0.5722700886907773,-0.5051919454805497,-0.006265029506944957,0.06060180106998099,-0.7128679051333852,0.17120418475379898,0.062178760312729835,-0.40008320050776325,0.17865713008723708,-0.36791139382048643,-0.040360595335033465,-0.626233224250266,-0.565003704618845,0.0015557065484118214,0.1922130967745772,-0.23243855603602853,-0.5120448374578103,-0.4443207766981547,-0.312310977911997,0.24021477254315113,-0.08135486378287156,0.15968256127860345,0.07377187636918711,-0.7270953515999548,-0.486565686573992,0.20900129069703147,0.05846022229823286,0.031065436475024587,0.05181002587472821,0.2494119647493769,-0.3292879617146694,-0.2019028285902895,-0.4731388900899205,-0.1550825337805097,-0.23672297552482283,-0.6039120602164696,-0.4978043626709927,-0.318158369713277,0.18137138800296193,0.2628465379864888,-0.08713248218539428,0.15101778401457172,0.010114381180999563,1,34,train
-0.8632208357115589,0.014929798110312977,-0.2530648553313414,1.1726274574190163,1.7146346968327955,1.7069593801911795,1.8703060665920492,0.3448328359284795,-1.1535335390470833,1.7048157176886682,-0.03527846247169628,0.9098354521245775,-0.8347401232066967,-1.545184903577736,-2.0806162992564223,2.302848923171009,-0.34136823448476494,-1.048760226101888,2.3146658288168145,0.9366839428061441,-2.9022292140158026,-0.6204504296363027,-4.4713208557439135,-0.16083429911073932,-0.47993512818107925,-2.8151745835161797,1.3686095154514042,0.6986898245138559,-0.8899294554943601,-0.3727926008081678,-1.4074019179970365,1.3339852085222617,-2.007974675793604,-0.8198992345558845,-3.496399824507669,-2.3524437805936556,-0.6200774903543893,0.7688313136790321,2.0089985340946495,-0.023557709677064536,-0.5920580819425044,-3.281083387500288,-1.3622527012044974,-0.35243237438221187,1.0951236501192936,0.019409948637077765,-1.4228420787767666,0.9956781039481393,-1.3008699018066312,-1.3218138736593295,-3.1398396912747826,-3.9530358069067772,-0.5791608130050443,0.17018279327558866,-2.3297385410172664,1,34,train
-0.5139594565304463,-0.10279975445835983,0.475451501800382,0.5894319637684945,1.0956067921002737,1.0707293609064024,0.7295730841042337,0.7843062370887955,0.6788885517785364,0.9211445948749134,0.11498023831610339,0.08644680824573432,-0.771385287289061,-0.24687835977606493,-0.42519766048450164,0.07262457384264066,-0.6801572423089783,-0.24334682864376458,0.07201494838480008,0.0339321057629859,-0.377382000955372,-0.5987266416091357,-0.47272017542732103,-0.6335431550116198,-0.6670859963441638,-0.1730905276527314,0.241229614219445,-0.4176061317135623,-0.6059569910526924,-0.3747257947511404,-0.5766432737945928,0.1797551002025973,-0.43430621790852497,-0.11794085090490351,-0.27850313016894673,-0.2075558244436104,0.002182880836391013,0.17073952653639113,0.08125872204650267,0.2017627682003031,0.21712751301699065,0.2111479255270178,-0.33956621782899604,-0.32637918376437913,-0.02568448111056024,-0.15255365722373307,-0.45385406819662666,0.12732915768735162,-0.5485475148691237,-0.5145257509201133,0.18137138800296193,0.0918527086131955,0.1619188951430705,-0.014280420861699354,-0.35584502014033237,1,34,train
1.3905842274939069,1.7762562414416334,2.0499198057298553,2.440808212605675,1.9858067053691246,1.6044625990883274,1.5218370310874147,2.1832965641158015,1.6812483590013028,1.6733640338299223,2.271634531976287,3.0756465054956603,2.1459540618706403,3.421174557227618,1.8700453601440512,1.6686476594132114,1.5371584020025977,2.622977321133675,1.997448763492549,3.0749326850333683,2.667707832565526,2.12217780879353,1.6803724985893056,2.5194736467189958,2.6797548537930753,1.3964865258729273,1.3479709817904073,1.9816365988510543,2.636248311627765,1.6705933969138897,2.025771115430487,1.1251245222548938,1.8250320680550527,1.604227144997664,1.4715810369275515,2.6260794865146164,3.6594526486779886,0.6560597982581975,1.5808933721549163,2.5983533056232138,1.7919941010564382,1.045303980574446,1.58760680360725,2.672632536243921,2.424454224368655,2.2625234544979484,2.15171904386502,3.6212911019840472,2.277625440165912,2.4228029929654804,1.932903455748862,0.9763035501991953,2.2150741521435853,2.2855206904603333,2.857735972712614,1,34,train
-0.6793240278978302,0.4096700626052747,1.993800143411577,-0.25003423961757487,1.915790981853597,1.8932035312195328,1.672240079846254,1.8048611353388628,1.7495171891148533,1.9760864909703526,-0.28570963045136244,-1.0983632535733272,0.013007919310238179,-1.271147882221674,2.2026524792838083,2.3509400142616474,-0.13342187795817878,0.34590782611420073,2.344174393033025,-1.2825809899249532,2.5125896200429096,0.1751833068586884,2.298443576170898,-0.029255545406370542,0.13985021443692794,2.039095105561749,1.9671269916203162,-1.0313043825305315,-0.6529130678501336,0.15496934562335699,-1.0864269872824561,1.8231589210958337,2.08581141250458,1.7599671079298753,1.9570882574769026,-1.2585509229571326,-1.0539908526406805,0.9702090197876655,2.2015191986355944,2.0999170969854,2.032719564789908,2.1575120539710166,-0.9254268163456149,-1.090606108554139,-0.8923558849103891,-1.1261711315827356,-1.189507173219007,-1.040371662152813,-0.08303424905148708,-1.1690836882762345,2.2966095681769723,2.238120084195222,2.3942696553433342,2.223234410362028,2.2264560054333162,1,34,train
0.7277003853746522,-0.057785513770337874,-0.66668755167717,-0.15183705177498186,-0.568100161911549,-0.6742158393323976,-0.7914042258795202,-0.24357321784727687,-0.36464927995716534,-0.753657570603312,0.25640019199873837,-0.24236515845175752,-0.5330504283608124,-0.48497609964280736,-0.6029266554446772,-0.48643436008603386,-0.586698205667816,0.017228094063275374,-0.4517620664529401,-0.43191098963428487,-0.5396595155944167,-0.44394465191557086,-0.638119477878733,-0.5287674807655484,-0.4629214128935261,-0.4171474446774059,-0.602370449173806,-0.1266285127917235,-0.5880689617965243,-0.38052537658005825,-0.24622790394134808,-0.5210274655629131,-0.31515703466865475,-0.4677914922743635,-0.3710882280411486,-0.43634387309961525,-0.486565686573992,-0.21590566919218487,-0.23792027442927458,-0.61530845965803,-0.6355626838220472,-0.4087295098751994,-0.4140835746578642,0.3191609837663649,-0.3493286895470878,-0.46107659715048194,-0.22375992521605842,-0.3114155730549411,-0.5882595470241828,-0.13815493694034367,-0.4886135559435572,-0.5714854225763044,-0.7188725612624757,-0.5077794093328855,-0.6326018173895896,1,34,train
-0.523938353078478,0.9129061892713662,1.1582407266727675,1.6444529697358656,-0.7114656910147722,-0.19548087393736863,0.13855265306597836,-0.22037878834159352,0.8024226253173422,-0.11151902515391411,-0.26508588720597814,-0.25866988407312075,-0.1830903823395866,1.0334585432809464,0.3695048455517119,-0.3752237119389319,0.28714378692705167,-0.6282870553700736,-0.5820915584078707,-0.5679024522657863,-1.4584366205360668,-0.012184364875626907,-0.7454839373647374,-0.4507948859777743,-0.8226399646875068,-0.2760870247457133,-0.22829702656823597,-0.3197318417125802,0.5903049654535454,-0.17754001256793334,-0.003923299382301979,-0.02086108529105864,-0.49500485842694947,-0.4045926667366546,-0.41173534418016405,0.6480161491762411,-0.5318643342851982,0.24927683191875813,-0.2683182740936343,-0.16466750390329477,-0.043900098260265835,-0.2225111856597185,0.02788143825818153,0.27573899940331037,-0.24072325047442752,-0.5167118813995678,0.08087175703990525,-1.3328681493143415,0.6361947777568046,0.306398995514022,-0.866676488599093,-0.4358696268664511,-0.20558374701234705,-0.2993599336193263,-0.5845696459661649,1,34,train
-0.4426816240445049,0.2954031439356805,-0.27488916845511624,0.054137537358261996,-0.5392047839527598,-0.5304703536393732,-0.15272085685430878,-0.4034927054917252,-0.05906499278222465,-0.5243223757999556,0.011861522089182048,-0.4353044116378891,-0.8980949591243323,-0.5860553288315188,-0.9913914587147752,-0.8651517024248133,-0.867075315591303,0.020189172730400825,-0.8378324482816969,-0.4579519080105298,-0.9906955489294086,-0.7182074757585541,-0.9747215670780979,-0.828474641981055,-0.8761116413055309,-0.7238978816717215,-0.7752181685846555,0.040022305318056936,-0.6998691446475747,-0.49071743132949747,-0.025950990705851624,-0.9030226680782306,-0.8007461588160505,-0.7860427208749691,-0.6104545786375729,-0.7318617692802881,-0.5032546620465417,-0.5985233107985882,-0.5824309372920182,-0.8588366529194273,-0.8327835456759743,-0.7071890158096003,0.15122051163010128,0.20915862337996008,-0.4079756266463243,0.0902184922268234,0.21698378528193157,-0.5399284536498852,-0.8640375481009818,0.21912460386653917,-0.9288893762512698,-0.8810432171314043,-0.9132541240554238,-0.6083957079532244,-0.6646232650052062,1,34,train
-0.3956382546037836,0.558563320265655,-0.1720031208716061,-0.07998545091454795,-0.00797437378732818,-0.03173601632183655,0.3143759354178608,-0.04092714953446449,-0.28987865649946704,-0.06303101253834734,-0.1737521671192764,-0.4570440457997067,-0.6416587185053307,-0.610763584855426,-0.8695201478849405,-0.7749809066298659,-0.9955814909729013,0.02907240873177719,-0.7468477086150472,-0.6113039828928611,-0.9501261702696474,-0.3706268673238823,-0.818027491071497,-0.5775003525079072,-0.5066709664900914,-0.7194197731024614,-0.7906970688304032,0.14054184640014672,-0.6685650934492806,-0.18720598228279645,-0.007070112428523357,-0.9607341734942139,-0.8816776795072832,-0.8402131427644338,-0.6488435216577542,-0.5245226001857838,-0.4817974078675492,-0.5481788842714299,-0.5444334377115686,-0.7063470365781785,-0.8153817049241572,-0.704638079861443,-0.04920548259926832,0.16284184005936858,-0.4796552164342801,0.03458320797773755,0.006334217764509885,-0.2611427393240534,-0.7118080915065887,-0.001788699991151737,-0.8020707975756787,-0.8456651834679644,-0.8798447929503859,-0.5509006801701736,-0.705793697653856,1,34,train
-0.5353428062762287,-0.11895871265406002,1.0033920287945552,0.27208739330157816,1.0644886927600392,1.2057251213833295,1.3078833983459675,0.5731148526423103,0.06988724187670421,1.0417093830001065,0.21220645647291494,-0.15540662180448694,-0.6024390581753657,-0.285063846358467,-0.7704997078356999,1.004389463723765,-0.5773523020036998,0.05868319540303173,0.731039549213506,-0.2062230303734953,0.38627689146366195,-0.5009695954868842,0.5428895764673142,-0.6895859575153325,-0.5018099049793618,-0.45968947608537664,0.5146901852276548,-0.12398326171061587,-0.5276968630569573,-0.3747257947511404,-0.5042665737315011,0.6084691404356155,0.5098948568225223,-0.4181352722090208,0.40346515171897906,-0.4291942465791151,-0.2934503989630602,0.46475097745499583,0.8209433805459229,0.08113665378110628,0.16202168396956984,-0.5133178837496476,-0.6607617214017037,-0.23374561712319614,-0.1364620289646737,-0.49900974550213134,-0.4895024565457288,-0.2725683833538006,-0.6588587152998433,-0.5172530756590972,-0.5221128031408832,-0.6275006425434176,0.025244358804278857,0.39537165209253766,-0.005896342626808711,1,34,train
2.139001468596291,-0.6672090800081736,-0.468190227551408,0.16071741196790562,0.09538217044987925,0.39200067628629603,0.08983053867931218,-0.5597499147931709,-0.7525896161579766,0.2829375099078588,-1.1224443564069528,-0.36193314634175455,-0.5722700886907773,-0.5299002015044569,-0.1382922829059325,-0.4293261894159004,-0.08669235963759762,0.13271016208116806,-0.6066820285880463,-0.379829152881795,-0.501476570973465,-0.38691970834425754,-0.6729403836579777,-0.06336855562602171,-0.4847961896918087,-0.43953798752370626,-0.06576857398788487,-1.2482149711813568,-0.6797451117343856,-0.33026233406277017,0.9841759971312107,-0.03185375298934116,-0.5242301297876724,0.07165562570822319,-0.3981863054671589,-0.6532158775547865,-0.3625904402064802,0.2351803924911538,-0.1593921086296786,-0.3877120173576587,-0.47314550347175427,-0.5745403465054221,0.07413359077265143,-0.5405943066221149,-0.3210912753881961,-0.8581102165644129,0.8683770632973432,-0.43481252857621094,-0.16245831336160518,0.35549084081573107,-0.5388624267395461,-0.8928358950192177,-0.5487886938186461,-0.3568549614023771,-0.15685459567185814,1,34,train
-0.5396194762253852,0.9025182875741304,1.2580090152385954,1.3318985059929782,0.4454607880275173,0.753239331636592,0.8693843688659715,0.31309309028912335,0.9129531121678527,0.7783015306831086,-0.4595383235196013,0.7413532873704908,0.3720186561768405,0.9144096733475752,0.3695048455517119,0.012510709979342328,0.21004008169809277,-0.46838880734529903,-0.14192214218272758,0.5316029902867783,0.01399318140938289,0.4820318127424222,0.3136519467539537,-0.07067848638737553,0.06693429177598591,0.1851581578880752,0.029684644194226097,-0.4281871360379928,0.3398725558671928,0.3811530369511533,-0.38783449102131007,0.04509492089863646,0.22438643660622948,-0.11342664908078146,0.37636707429296873,0.5264724983277385,0.07370706143303243,0.28149726489613947,0.2205828871748181,-0.1874271481333319,-0.09610562051571714,0.28512506802357873,-0.43207052285793585,-0.19321843171767858,0.46521210349786407,-0.5495872766376639,-0.3469089031493203,0.2255896963431776,0.536914697369157,-0.2772484986285194,0.030624775614995124,0.20388314854742215,-0.21165817084962668,-0.03823668243797053,-0.18887604328747468,1,34,train
-0.5709817225191993,0.42352059820158916,1.0626294501305156,0.26370470653452754,0.6777351723885533,0.8557361127394442,0.2804822906271365,0.6329320655780201,1.0646616235312985,0.7887854253026906,-0.1737521671192764,-0.16084153034494136,-0.059397607452774046,-0.4602678436189001,0.10037236746916038,-0.2580016774055002,-0.18015139627875995,-0.04791563661348461,-0.4443849253988874,-0.33642762225472006,-0.021803329172759324,0.12087383679077092,0.10472651207848585,-0.23880689389851342,-0.01084269239568558,-0.45968947608537664,0.08902042846959238,-0.6662597333376792,-0.418132683862928,-0.1620744610241524,-0.6521667869039058,0.13578442940946722,-0.45453909808133314,-0.06377042901543875,0.16409880112255476,-0.33148268413227966,-0.12656064423756352,0.20094618245268614,-0.149259442074892,-0.17604732601831333,-0.09610562051571714,0.3055325556088369,-0.20080976028558634,-0.35532717333974884,-0.3341239280769154,-0.6760311044764955,-0.4830209313913466,-0.31598583066684,-0.1359836252582325,-0.5908908436116609,0.09044485989593433,0.20388314854742215,-0.06587199875491558,-0.3688330921905127,-0.01504532765984201,1,34,train
2.2829826902178927,-0.8299528732648683,-0.9815812124630646,0.05294001067725476,-1.5316498807680956,-1.5554381646678945,-1.6048517008569039,-1.3373736829573966,-0.8197748140475025,-1.5661594036209172,-1.3876067695618934,-0.3972600518547082,0.6556069693319717,-0.48946850982897233,0.22224367829899505,1.5183629997549655,0.04648676757605869,-0.006460535273728257,1.3162927395016852,-0.565009016890648,0.7060590526641324,0.6069435938986324,0.8127515962564601,0.3557341413582641,0.5724846888918506,0.4919085948823908,0.8861837911256002,-1.4466088022644288,-0.431548705805054,0.6189358919367853,-2.851789106212649,0.9629826737052266,0.7571856144901776,0.43053467072592727,0.7512238120194445,-0.50545692946445,-0.3792794156790299,0.7688313136790321,1.2363827092921726,0.8208250912573132,0.892898995545888,0.5096074314614187,-3.1558083931544973,-2.0690481562016343,-0.5469905886593295,-1.9075939876267143,-2.6186834697602834,-0.4668043318595031,0.28099271236988754,-2.680021593673281,0.3799740678156801,0.48690741785494207,0.8969241794539057,1.1020813685925372,0.6139473933611973,1,34,train
-0.5453217028242605,1.4496144436285512,0.24785509350958682,0.36070436769611325,0.31987702997585665,0.6394929038273293,-1.118689733389952,1.067522428947666,0.31695538895431585,0.4559217711309619,-0.5832807829919069,-0.14181935045335092,0.6344886906927598,-0.332234153313199,-0.4378925886959427,-1.748825501215299,-0.1497772093703822,0.05572211673590627,-1.2239028301104538,-0.10495279224365382,-0.24612812882085056,0.5254793887967562,-0.03745885318676308,0.9868248304218107,0.14714180670302213,-0.9410861472808355,-0.12252454155562652,-0.04727098035849472,-0.09167614993786122,-1.693164063858466,-0.20846614738669153,-0.08132075763161248,-1.009819253935068,-0.10439824543253733,0.07377187636918711,-0.2623696277674449,-0.10510339005857111,0.33184169142329784,-1.2410542633531458,-0.09411260679017965,0.46365359033439957,-0.11282093988895578,0.449289938945574,-0.45375033789600583,-0.7772341194933692,-0.0792162370772108,-0.04227722089335666,-0.2497170952943062,-0.16907698538744836,-0.039971246336925476,-0.3259029266994026,-0.1351563407272111,0.23177476927178625,-1.7559006374566135,-0.11568416302320829,1,34,train
0.9172994197872563,0.5574091089659622,1.393111906004821,0.8085793463928179,1.061154610687871,1.2482237867186583,0.292133231023948,1.2311041949351167,1.5208707898456602,1.1740685525723291,0.47442262059280066,0.5266744000225415,0.4172721104037231,0.36408942554236856,1.1540514090187726,-0.27904152975765456,0.02779496024782623,0.8729798288625314,-0.35094113871422017,0.6560207114177263,0.7108319207417514,0.3869902401235666,0.9462317350768978,0.17542251591153646,0.3172789595785535,-0.26265269903793304,0.6643195542698828,1.277999811276426,-0.18782430718976445,-0.19107237016874168,0.9967632493160962,0.7925963243818476,-0.4432986090964397,0.900011660434622,0.7692891969701181,0.3834799679177355,0.39556587411791877,0.6359220276473342,-0.15179260871358866,0.631920044148005,0.8783974615860404,1.0223455570410305,0.22830743248755112,1.2078642637302144,-0.19945318362681663,1.1194712508349116,1.0012483289621783,0.3009989469395092,0.159650391896096,0.8955011391345311,0.8226426914946302,1.2092089384835085,0.8452915768370288,-0.16520486879220775,0.8861296980939379,1,34,train
-0.4854483235360697,0.505469600479783,1.2808725813682644,-0.32308336715901603,0.966688951976445,1.1069782225159475,1.0197874176248107,0.9857315459539403,0.9032004221516311,1.0403988961726587,-0.16491342001411172,-0.7369418356331089,0.10954862166092115,-0.9229860927938902,0.38219977376315306,0.5204728596242132,-0.18482434811081805,0.36663537678407887,0.3474282144027667,-0.8543525544044807,0.5032121593653265,0.2159154094096265,0.6821731995842927,-0.00976239670942702,0.035337391956244364,0.2948718178349472,0.4347158672912915,-0.34089385036144115,-0.836265367725856,0.08730755761931536,-0.46650481717684456,0.44632729188594833,0.41772284714639635,0.33799353333142496,0.6292824636023981,-0.8057412433254564,-0.6677602774188169,0.4728060856993411,0.5853588831471349,0.3815639576175964,0.5477624873015156,0.48664900792800325,-0.43207052285793585,-0.3813803639575816,-0.7468245965530244,-0.5445295235241107,-0.4117241546931424,-0.6176228330521663,0.07802010357736351,-0.4163420603166952,0.3799740678156801,0.5281817904622887,0.562830868403526,0.5582742308111817,0.604798408328164,1,34,train
2.7334585915290424,0.9579204299593882,1.993800143411577,0.9582701815187219,1.974693098461898,1.639461499952716,1.9825787649613236,2.1332454267614325,2.048599682945646,1.7179205859631457,2.4984957076755143,0.8582038209902606,0.785333538115702,0.6628347029223378,2.6038122107653474,2.3148716959436686,0.6679893612397881,2.0011508010373293,2.8704104548887823,0.7428237726718762,2.409972956374102,0.8703445237280322,1.4830540325069193,0.9551484637892774,1.0683129629862564,2.9459120908369156,1.3686095154514042,4.78295749374403,0.19676832181784848,1.071303274592378,4.13413585639881,1.1361171899531763,2.524190482915423,2.3490704459778042,1.3135089186091582,0.6551657756967412,0.9343813679459508,0.6641149065025428,2.176187532248628,2.500486835434054,1.8935048387753712,1.981497473548165,4.421835927132823,5.159264840768176,0.9886903198280865,4.45253055266651,4.407289797590027,1.029955036037381,0.6913503779721644,4.757392969535647,2.734492585113448,2.052385407462162,2.3092277216214194,3.181484873412875,2.6130006230789733,1,34,train
-0.4327027274964731,0.9071351327729019,-0.27384991544922216,0.442136182004605,-0.24136011883908687,-0.3592257315529007,0.7221588493062627,-0.30094891188765144,-0.18043180187298125,-0.3447856804396137,-0.3210646188720212,-0.42171714028675306,-0.7080304513714253,-0.6377180459724158,-0.8517472483889229,-1.0665331463668628,-0.7362326642936757,-0.030149164610731888,-0.9460305170744695,-0.5071403093878813,-0.6494354813796528,-0.5362707510310306,-0.5510672134306215,-0.5653171345723175,-0.482365658936444,-0.7373322073795018,-0.49917778086882114,0.07441056937245608,-0.27950045712762567,0.10083991522012367,0.17544504425231658,-0.47156046092064186,-0.9513687112136223,-0.30302312569390816,-0.3485064968528067,-0.7032632631982876,-0.4269622027434575,-0.18368523621480354,-0.7926837683038398,-0.6039286375430114,-0.4122390608403944,-0.3475070471194248,-0.36526185811481265,0.003627897394835291,-0.29068175244785127,0.10033399845392993,0.10031633250305186,-0.5216474232022897,-0.7824072597822492,0.02002989792071897,-0.7470363200372147,-0.4830403384177044,-0.5943468725982434,-0.6275607172142413,-0.6165910935817814,1,34,train
-0.6351317717565466,1.9401542459980212,1.2216351600323039,2.040834301149259,1.6201690381213694,1.5294649543789234,1.5048902086920526,1.7255117712404724,1.7072555323778933,1.4689280887480731,-0.9427231652686041,2.3473687610747693,2.586421016345631,1.4602375109666166,1.1972141649376724,1.8129209326851274,2.196044610322792,-1.2116195527937879,1.719576450456565,2.5136062222565325,1.154708651960315,2.317691901038033,1.1667641383454472,2.283119218768555,2.487742924119261,1.803994405675595,1.417626032896272,-0.872589317664074,2.4350079824958746,1.902576670070604,-0.9102054566940588,1.4631490539770813,1.0809116972551083,1.7464245024575091,0.9725247776651953,2.3305615903339434,2.3553284224658935,0.9742365739098382,1.5454290392131633,1.7152791094977724,1.6846827497535661,1.6881398395100786,-0.8611877156310733,-0.9342869648471427,2.042163078832891,-0.59004930154609,-0.8848754909630434,2.439879509308186,1.4238167488321425,-0.8936238896388669,1.9065826186652488,1.9020287643925418,1.7017853378934564,1.9189898883433842,1.2566635919317866,1,34,train
-0.5296405796773533,0.11188354728451409,0.6448497417611109,0.1942481590361081,1.0222569865125781,1.0219808918452897,0.22222758864307904,0.7354758591820938,0.433987669148974,0.8634831744672123,-0.08241844703257462,-0.04942590526562594,-0.2615297029995165,-0.2670942056138072,-0.4785163589725543,-0.480422973699704,-0.4371637470419563,0.0024227007276481044,-0.5894686994619234,-0.25251799637570854,-0.1649893715013282,-0.13166519902504537,-0.002637947407518443,-0.28753976564087225,-0.3073674445501831,-0.40371311896962564,0.19479291348220182,-0.2774078244148582,-0.42260469117697,-0.36892621292222255,-0.5766432737945928,0.2924299441099931,-0.605161650478905,-0.21273908921146686,-0.05946033764203019,-0.39821253165694775,-0.336364907321045,0.12845020825357814,-0.28605044056451084,0.024237543206013446,0.09821493454624047,-0.20210369807446033,0.004755362000946575,-0.4103283535329513,-0.3145749490438365,-0.2941707444032243,-0.37931652892123136,-0.19258887514557016,-0.29924420189569745,-0.5663449209608064,-0.2541188255622755,-0.2530831196053444,0.022207146885639042,-0.476636269283733,-0.17515256573792473,1,34,train
-0.4013404812026589,0.03339717890539891,-0.268653650419752,0.6552959312238923,-0.5825478508909436,-0.6117178020745608,-0.6929008207064776,-0.13370486755719788,-0.05906499278222465,-0.6134354800664026,0.12381898542126808,-0.7722687411460625,-0.5541687070000243,-0.7477820955334571,-0.9710795735764695,-0.45337173496121974,-0.6451101035685425,-0.29072408731777183,-0.5107791948853615,-0.9411556156586305,-0.7401199748544132,-0.4928231749766966,-0.652628188620085,-0.5263308371784304,-0.4483382283613377,-0.6746386874098605,-0.49401814745357187,-0.041980478196279467,-0.6350250385939655,-0.4385211948692368,0.30761119219361444,-0.5292719663366251,-0.6703564865912868,-0.7205867944251991,-0.4433497678438427,-0.6984968455179541,-0.5723947032899617,-0.24611232510847988,-0.22778760787448799,-0.6130324952350263,-0.7283725011650717,-0.6561702968464548,0.33365955765939925,0.07599787133325951,-0.8641184707514974,0.08768961567004678,0.2591136987854159,-0.7981480087221721,-0.5176603787485222,0.2136699543885715,-0.7302866964385516,-0.8132353192764776,-0.6915376539947173,-0.6251650910566142,-0.6531870337139146,1,34,train
-0.5396194762253852,1.2164637610905913,0.3465841290695208,0.8648631004001578,-0.2891486285401612,-0.17298158052454743,0.8609109576682904,-0.08365373020282854,0.37113700015554646,-0.0931722095696456,-0.5597107907114678,-0.20703825293880385,-0.5239997375154358,-0.2603555903345598,-0.4556654881919603,-0.7118613495734026,-0.19650672769096336,-0.24334682864376458,-0.8722591065339428,-0.4376978603845615,-0.5873881963706064,-0.18869014259635872,-0.45821146468596907,-0.4824712526103075,-0.5091014972454561,-0.15965620194495114,-0.24893556022923294,-0.20598604522495229,0.26384843152847864,0.5010110614154556,-0.1140617560000502,-0.22972177155842646,-0.41182523993873815,-0.4542488868019973,-0.11139831937521659,-0.25998641892727814,-0.3625904402064802,-0.09306526846591853,-0.43044093897021957,-0.3922639462036661,-0.5079491849753884,-0.3704654706528403,-0.4680444192580791,0.19178982963473828,0.28275496585579485,-0.16772691656439284,-0.04551798347054776,-0.43024227096431206,-0.07420935301702952,0.15094148539194321,-0.6991802526124632,-0.6068634562397444,-0.5032305150390489,-0.5053837831752583,-0.5228139969931901,1,34,train
2.0720003060595062,0.31617894733015217,0.6781058379497201,-0.41409539491556563,-0.03798111243684001,0.02076233497474625,0.35992052060539664,0.09091487081363031,0.6864739773467087,0.0287030653829952,0.9075212287458705,-0.3075840609372104,-0.17102279454575123,-0.7028579936718076,-0.06973967056415051,-0.3151098480756336,-0.222207962767283,-0.8177960900661025,-0.5550420412096776,-0.37114884675638,-0.4847715327017986,-0.09907951698429487,-0.2666964829001236,-0.30459627075069784,-0.35840859041284256,-0.3119118932997939,-0.11220527472512803,1.383809854520731,-0.6976331409905536,-0.20847111565549523,0.39257514444159164,-0.24895894003042088,-0.29942035008980394,-0.15631156640994107,-0.11591466561288497,-0.8629382554894576,-0.5318643342851982,0.20900129069703147,-0.14165994215880207,-0.18515118371032818,-0.06710255259602196,-0.1561868510076294,0.4441508108884107,0.5246917097514897,-0.5839164379440339,1.1599332757433378,0.4762447914572198,-0.3342668611144355,-0.10289026512901661,0.11821358852413714,-0.30436769635826444,-0.21770508594190444,-0.2541791377105841,-0.2610299150972924,-0.31696183374994086,1,34,train
-0.46976720038916264,0.5527922637671907,-0.08366661537061254,-0.3973300213814644,0.46879936253269316,0.27825424847703334,-0.44611271957401616,0.5841016876713182,0.35163162012310345,0.18465099784927752,-0.2356233968554292,-0.45160913725925234,-0.5179659436185181,-0.5433774320629517,-0.8720591335272287,-0.9372883390607714,-0.582025253835758,0.23930899409768439,-0.9509486111105047,-0.6431317720193828,-0.7019370302334614,-0.33261023827634006,-0.652628188620085,-0.30703291433781577,-0.21986833735705272,-0.755244641656542,-0.30569152779697456,-0.24566481144156666,-0.7714212616722468,-0.6569721104251427,-0.16441076473959224,-0.37537461856066984,-0.6096578460728623,-0.42039237312108185,-0.3959281323483247,-0.7366281869606216,-0.7225954825429086,-0.20785056094783955,-0.6938902693946706,-0.23522240101640987,-0.31072832312146137,-0.4622991647865021,0.15122051163010128,-0.248219611910881,-0.3167470578252897,-0.11462050887208362,-0.12005552274594314,-0.585631029768874,-0.6367964752136994,-0.22815665332681032,-0.26369003904722577,-0.5744335920482577,-0.48197003160857016,-0.824002062139665,-0.6257400786148147,1,34,train
-0.4825972102366321,0.04032244670355613,-0.04625350715842703,-0.3218858404780088,-0.00797437378732818,0.03951174615209725,-0.3952722523879297,0.04696753069759871,-0.1414210418080952,-0.049926144263869834,-0.04411720957686097,-0.5983516678515214,-0.635624924608413,-0.49620712510821974,-1.0827949418371512,-0.9583281914129258,-0.7152043810494143,0.06164427407015718,-0.8255372131916091,-0.5736893230160629,-0.9429668681532191,-0.5851492740921563,-0.9863285356711794,-0.623796580663148,-0.5820174199063981,-0.699268284540791,-0.7906970688304032,0.12467033991350096,-0.6439690532220496,-0.37085940686519514,-0.08259362553783643,-0.9414970050222194,-0.7984980610190718,-0.8695554546212272,-0.741428619529956,-0.49830730294394987,-0.6629919987123741,-0.5824130943098975,-0.6812244362011874,-0.7063470365781785,-0.7428740351249193,-0.8092264537358912,0.2360161245732961,-0.007951298435312585,-0.3536729071099942,-0.06657185429332765,-0.04227722089335666,-0.42567201335241317,-0.5661973069380388,-0.18997410698103656,-0.8236060279168168,-1.0225553517851642,-0.8494726737639877,-0.6083957079532244,-0.8087197792754807,1,34,train
-0.5068316732818522,-0.6152695715219944,-0.6573342746241236,-0.8763406937843571,-0.8003745462725851,-0.8742095585574748,-0.28829543601720603,-0.8075640826696825,-0.7861822151027396,-0.8807747928657437,0.28291643331423244,0.11633880521823357,0.0009403315164028074,-0.08515159307412665,-0.5013672297531483,-0.5074742124381882,-0.2923022402481547,0.38736292745395706,-0.5452058531376074,0.12073516701713573,-0.3869277371106099,-0.031192679399398026,-0.1593320234141193,-0.16083429911073932,-0.08861967656735707,-0.40371311896962564,-0.2463557435216083,0.4526814739708466,-0.06931611336765116,-0.18720598228279645,0.49012634887445433,-0.2434626061812796,-0.5399668143665232,-0.16759707097024623,-0.14075456992006108,0.006932971171394148,-0.08841441458602145,-0.024596848388983204,-0.3696449396415001,-0.24432625870842473,-0.3281301638732785,-0.1587377869557867,0.1435118195443563,0.4754801274733612,-0.30154229635511726,0.33046176512060327,0.49244860434317533,-0.023489343505311497,-0.1293649532323893,0.3991280366394725,-0.3594021738967285,-0.3149946785163644,-0.4728583958526507,-0.23228240120576701,-0.22318473716134957,1,34,train
-0.6493873382537348,2.2702586777101823,2.01770296254714,2.43841315924366,1.8435525369566241,1.545714444065961,1.342836219536402,2.06976593548272,1.5783032977189646,1.6759850074848177,-1.3080580456154112,3.0756465054956603,2.722181379026279,3.3425573789697314,1.5298212840774295,1.1576798165751756,2.1282868087579496,-1.5491825208460894,1.6507231339520732,2.921580610151037,2.445769466956244,2.784753343622123,1.6107306870308165,3.1700574844794858,3.267943296591341,0.9710662117932196,1.3944076825276503,-0.9651731055028409,3.5843138622046715,1.861979597268179,-0.8567096349082954,1.0399313475932042,1.5102983764780369,1.17989217353019,1.5506170960867482,2.390141811338111,3.4329594101219576,0.5412745057762764,1.2237168760986894,2.0407420219873034,1.3105431735894983,0.8335762968773923,-0.8586181516024917,-1.189029273110396,2.0573678403030633,-1.1362866378098422,-0.8719124406542791,3.319654099598721,3.0917220993446226,-1.0054442039372042,1.461521191615061,0.6520049082843288,1.823273814639049,1.686614151053554,2.514649033973865,1,34,train
1.118302907397611,0.807872960999315,1.4357212792464766,1.636070282968815,1.297874437811798,1.3182215884474355,0.6014127397393073,1.4117765931899136,1.809116961436207,1.2762865251132538,0.8868974855004862,1.616373562383651,0.667674557125807,1.3703893072433175,1.5323602697197176,0.10568719896745474,0.5441561376902481,1.5244171356301315,0.12857302979920393,1.6079609498382361,1.1881187285036476,0.6938387460073003,1.2509146606452883,0.4605098156043355,0.6721364498618047,0.34189195781217807,1.0590315105364498,1.7250472439836146,0.43825671677611705,0.004180218071492768,1.402702132278654,1.1416135238023175,0.035546221660020014,1.319832430077974,1.0696262217750656,1.8253213162185995,1.4422030501821046,0.8654926126111762,0.19271805414915502,1.0575253912496994,1.2496367309581387,1.476412155813025,0.5238072957744422,1.5523453396771139,0.4282862542131596,1.3470701409448085,1.4581958523461238,1.4618443803618253,0.47293420111933965,1.2991452005041393,1.5476621129796135,1.6868123929399486,1.252277973934764,0.3714153905162665,1.2360783756074616,1,34,train
-0.3899360280049083,-0.07394447196603807,-0.05664603721736745,-0.06561513074246117,0.0042505938106210854,-0.10173381805061361,0.15549947546134052,-0.2521185339809497,0.08180719634097496,-0.1862167743184359,0.08551774796555445,-0.46791386288061554,-0.6054559551238246,-0.5276539964113744,-1.0167813151376575,-1.1717324081276348,-0.7969810381104313,0.10606045407703898,-0.9804571753267154,-0.547648404639818,-1.2269525187715473,-0.419505390385008,-1.186548743901836,-0.6968958882766862,-0.5334068047991034,-0.7843523473567326,-1.1905686585122195,0.053248560723595066,-0.5970129764246084,-0.42305564332545587,0.018104391941247668,-1.1393650235913046,-1.068269796656514,-0.713815491689016,-0.7865920819066398,-0.6460662510342864,-0.6272299084140535,-0.8019147939683079,-0.8737451007421324,-0.861112617342431,-0.9516961241467246,-0.7531058628764311,-0.0697619948279216,0.2004742265073492,-0.4492456934939352,0.09780512189715329,-0.00014730738987232128,-0.5010812639487447,-0.736076555601347,0.0718490679614119,-0.9791382470472587,-0.9606437928741443,-1.089412415336533,-0.6922426234701735,-0.8887733983145221,1,34,train
-0.5125338998807274,-0.4375210313692923,-0.5461342029934612,-0.20093564569627836,-0.6347818033549086,-0.5454698825812541,-0.22686320483401823,-0.5878273820895245,-0.7211642816612628,-0.5819837962076566,0.27702393524412267,-0.27497460969448395,-0.53908422225773,-0.5231615862252095,-0.5191401292491659,-0.7629581338572061,-0.5072580245228281,0.23338683676343347,-0.759142943705135,-0.4376978603845615,-0.630344009069177,-0.43308275790198736,-0.5887898613581365,-0.5604438473980816,-0.363269651923572,-0.5111877246318676,-0.7081429341864154,0.28867590694217377,-0.5970129764246084,-0.3843917644660035,0.37998789225670615,-0.7436289864531341,-0.7265589315157539,-0.47907699683466864,-0.34173197749630413,-0.5602707327882845,-0.3459014647339305,-0.40117315881212756,-0.6634922697303108,-0.6062046019660152,-0.7080703536212851,-0.33730330332679576,-0.010662022170543394,0.17442103588951646,-0.38408243005033904,0.16102703581656905,0.32392895032923796,-0.4325273997702615,-0.3521935781024429,0.2600344749512968,-0.3761517974953915,-0.45945498264207774,-0.8191005545775896,-0.5437138016972922,-0.53653747454274,1,34,train
-0.3856593580557518,0.12573408288082855,0.5066290919772033,0.17269267877797792,-0.43473687902482977,-0.12298315071827809,0.27094970302974525,-0.1727691698825593,-0.03955961274978163,-0.11676097246370512,0.0442702614747859,-0.48965349704243316,-0.6054559551238246,-0.6287332256000858,-0.9964694299993516,-0.9793680437650801,-0.7011855255532399,0.08237182474003535,-0.842750542317732,-0.4608453433856681,-1.1529730635684534,-0.40321254936463274,-0.8470449125542009,-0.5360774115269021,-0.5771563583956686,-0.6880730131176408,-0.819075052614274,0.050603309642487444,-0.5478208959701463,-0.34186149772060587,0.08104065286567523,-0.8315703280393942,-0.782761376440221,-0.7205867944251991,-0.7301377539357851,-0.7008800543581208,-0.46510843239499955,-0.5723442090044659,-0.7014897693107606,-0.8201452577283642,-0.8240826253000658,-0.6893324641724994,-0.203379324314168,0.026786289055131043,-0.5100647393746249,-0.18290017590505261,0.2461506484766515,-0.4736597182773514,-0.4691234505590056,0.13185021221905635,-0.8427484548867173,-0.8397688445240576,-0.7856912234725516,-0.6491213526328854,-0.8681881819901971,1,34,train
-0.49257610678466385,-0.2447677443205829,0.425567357517468,-0.2991328335388714,0.3921154748728296,0.5144968293116559,0.29742911302249864,0.3607027087481576,0.37547152905164494,0.5004783232641854,0.15622772480687194,-0.5575898537981133,-0.8196556384644024,-0.7455358904403746,-0.7755776791202763,-0.6096677810057954,-0.7759527548661698,0.06164427407015718,-0.737011520542977,-0.6923201733967344,-0.7568250131260795,-0.6747598997042201,-0.6961543208441408,-0.7115157497993939,-0.7545851035372942,-0.6746386874098605,-0.5172364978221935,-0.12398326171061587,-0.48297678991653714,-0.4694522979567987,-0.1549703256009281,-0.5402646340349075,-0.7220627359217966,-0.4677914922743635,-0.4614151527945163,-0.6079349095916189,-0.5533215884641907,-0.25215365629173886,-0.42790777233152294,-0.46281884331678125,-0.5659553208147788,-0.39342389418625573,-0.21365758042849464,-0.007951298435312585,-0.5991211994142064,-0.0792162370772108,-0.14274086078628084,-0.5376433248439358,-0.7316641075841183,0.009120598964783616,-0.5149343930271705,-0.506625694193331,-0.6216817798660016,-0.5293400447515295,-0.6097293548070064,1,34,train
-0.4198727176490037,-0.15243084034515328,0.1636756000321694,-0.06561513074246117,0.06870951387253539,0.19200695706121873,0.22222758864307904,0.21665309392338739,0.23026481103234683,0.12436860378668099,0.1179264873511583,-0.394542597584481,-0.9101625469181677,-0.559100867714529,-1.0243982720645222,-0.8891972479701327,-0.8320281768508672,-0.12194260329162095,-0.7124210503628013,-0.6604923842702127,-0.9310346979591716,-0.6557515851804491,-0.9515076298919347,-0.623796580663148,-0.6597944040780696,-0.6634434159867104,-0.8526126698133941,-0.16895253008944552,-0.6819811153914066,-0.5139157586451689,-0.1140617560000502,-0.9332525042485076,-0.7557842028764769,-0.7747572163146639,-0.6488435216577542,-0.691347218997454,-0.6463030232398245,-0.6730330620587825,-0.5646987708211417,-0.6835873923481415,-0.8849890679314256,-0.5949478340906803,0.0432988224296715,-0.07453167445866286,-0.5991211994142064,-0.11209163231530699,0.05818641899956752,-0.3913950812631716,-0.6654773873256865,-0.11088168955050527,-0.7087514660974135,-0.825027997164291,-0.9223657598113433,-0.6275607172142413,-0.811007025533739,1,34,train
-0.42700050089759783,0.3231042151283094,0.10755593771389116,-0.3254784205210305,0.39100411418210695,0.3957505585217662,0.07288371628395,0.26182119348708655,-0.11649750065552911,0.31832065424894807,0.02659276726445653,-0.6527007532560655,-0.4847800771854709,-0.6691649172755704,-0.8619031909580759,-0.8230719977205045,-0.7993175140264603,0.10309937540991353,-0.7148800973808189,-0.7993772822768525,-0.8355773364067923,-0.3244638177661524,-0.7977152960336042,-0.5482606294624919,-0.39243602098794883,-0.6388138188557799,-0.7133025676016647,0.050603309642487444,-0.6529130678501336,-0.48491784950057965,-0.1266490081849357,-0.5567536355823314,-0.8299714301767734,-0.7273580971613822,-0.5856146743303968,-0.6412998333539529,-0.7225954825429086,-0.37700783407909155,-0.6634922697303108,-0.6767594990791302,-0.8443847728438524,-0.7275965033948585,-0.03892722648494167,-0.03979408696821924,-0.6729728979836154,-0.023580952828124942,-0.04875874604773887,-0.7364495309615372,-0.6301778031878562,-0.1408822616793275,-0.9432461964786952,-0.9341102676265644,-0.828212190333509,-0.7617157820413599,-0.7629748541103142,1,34,train
-0.4768949836377568,0.4304458659997464,0.06702507048402352,-0.46439151551786934,0.5732672674606233,0.3945005977766095,-0.11141297726561349,0.565790295956305,0.22918117880832223,0.2894899440450976,-0.2444621439605939,-0.5711771251492493,-0.20722555792725733,-0.5815629186453538,-0.9025269612346875,-0.8561346228453186,-0.5937076334159033,0.16528202741954806,-0.8279962602096267,-0.6518120781447978,-0.7759164854365553,-0.24028413916088032,-0.8209292332197674,-0.29972298357646193,-0.22472939886778218,-0.5783593531707688,-0.3934052958562117,0.040022305318056936,-0.7177571739037427,-0.37859218263708566,-0.20217252129424879,-0.4770567947697831,-0.8097385500039652,-0.6280456570306968,-0.4749641915075214,-0.7390113958007883,-0.8155769173185425,-0.2420847709863072,-0.5064359381311189,-0.28301765389948785,-0.3281301638732785,-0.536276307283063,-0.05177504662784998,-0.16716524109984587,-0.3558450158914474,-0.0033499403739119023,-0.0908886595512232,-0.7775818494686271,-0.5242790507743654,-0.3945234624048245,-0.5962897076492478,-0.798494471916711,-0.5761236010864045,-0.6443301003176312,-0.7172299289451477,1,34,train
-0.40846826445125306,0.237692578951037,-0.1418647837006789,-0.09555329776764196,-0.1368922139111568,-0.10423373954092709,-0.11035380086590335,0.07260347909861714,0.10781436971756565,-0.12593438025583936,0.1179264873511583,-0.4923709513126604,-0.7623345964436844,-0.6961193783925601,-1.230056109089868,-0.9703509641855854,-1.0399745333774533,0.19489281409080259,-0.9755390812906802,-0.5447549692646796,-1.1291087231803585,-0.7290693697721377,-1.0994964794537245,-0.6627828780570351,-0.6476417503012459,-0.8582411387495239,-1.0538383730081147,-0.04991623143960234,-0.6931611336765117,-0.5912435163640737,-0.09832769076894332,-1.1256241889684515,-0.8861738751012405,-0.8672983537091662,-0.7369122732922876,-0.7485442311614552,-0.6772968348317024,-0.8301076728235166,-0.8256149346068962,-0.9043559413795016,-1.021303487153993,-0.7939208380469475,0.02788143825818153,-0.03979408696821924,-0.457934128619748,0.18631580138433534,-0.08764789697403211,-0.5604946129034302,-0.8463877560320666,0.0009386247478321012,-1.0485295448131482,-0.9960218265375843,-1.0651147199874145,-0.7712982866718684,-0.9253693384466553,1,34,train
-0.523938353078478,-0.8380323523627184,-0.3985602761565072,-0.1913554322482205,-0.7170224944683855,-0.6367170169776956,0.07817959828250069,-0.6940334540366008,-0.7298333394534596,-0.7130324789524316,0.4508526283123615,-0.19888589012812222,-0.12878623726732744,-0.3973741010125908,-0.5800757846640832,-0.8140549181410097,-0.22454443868331206,0.0853329034071608,-0.9066857647861886,-0.4232306835088699,-0.5587509879048925,-0.06106288793675264,-0.7019578051406815,-0.3947520834740616,-0.1761187837604875,-0.7082245016793112,-0.5120768644069442,0.230480383157806,-0.4516727387182431,-0.4365880009262642,0.37684107921048476,-0.5979761394508908,-0.7130703447338819,-0.37299325396780014,-0.32818293878329896,-0.5650371504686179,-0.3006028170227243,-0.2944429745745519,-0.47097160518936587,-0.3945399106266698,-0.4006378336725164,-0.2862845843636503,-0.16483586388544308,0.3567933702143455,-0.4666225637455609,0.1660847889301223,0.4470779282624999,-0.41881662693456484,-0.24408860168033766,0.2709437739072321,-0.3474381570405407,-0.3857507458432444,-0.4880444554458498,-0.6850557449972922,-0.5845696459661649,1,34,train
2.1917470646358876,0.3946653157092674,1.1675940037258137,-0.7386251254685254,0.5299242005224395,0.7094907055561063,0.7285139077045235,0.28379486354510236,0.7222338407395209,0.723261083930303,0.9664462094469684,-0.8809669119551508,-0.08956657693736247,-1.2868713178732514,0.2552504916487419,0.07262457384264066,-0.27127395700389323,-1.5077274195063333,-0.08044596673228861,-1.025065241537642,0.23115867894104566,-0.012184364875626907,0.47034602276055454,-0.23149696313715962,-0.08861967656735707,-0.040986324859558956,0.39601861667692223,1.3705835991151927,-0.7088131592756587,-0.12341058216470004,1.6418599237914788,0.3776231187716826,0.18392067626061318,-0.0321710162465843,0.568311789393875,-1.120324810227463,-0.6725285561252596,0.49697141043237714,0.21298338725872817,-0.037213496215086815,0.10981616171411854,0.30043068371252235,1.3280808367205021,0.8315403992504083,-0.8337089478111525,2.0222801816041684,1.7466237217161322,-0.7547305614091327,-0.11392138517208857,1.1900522109447857,0.08326644978222163,0.2716910464023488,0.0981374448516344,-0.06937982248712304,0.03756133628009946,1,34,train
-0.5438961461745416,0.3508052863209383,0.48272627284164027,-0.31829326043498707,0.5799354316049592,0.6094938459435676,0.7878277860882911,0.5621280176133024,0.4350713013729986,0.5279985466405882,0.008915273054127154,-0.6255262105537934,-0.07146519524660942,-0.6085173797623435,-0.5470689713143363,-0.14378533606523333,-0.4278178433778401,0.3992072421224589,-0.2501202109755002,-0.7212545271481177,-0.4084056434598953,-0.06920930844694026,-0.49593411261348413,-0.3289627066218772,-0.20771568358022904,-0.40595217325425564,-0.23345665998348522,-0.06314248684514047,-0.5500568996271673,-0.20460472776955,-0.22420021261779843,-0.1692620992178726,-0.45678719587831185,-0.2646524101888706,-0.2672122645747758,-0.6627487129154533,-0.574778842643183,-0.044734618999846536,-0.07326444291399267,-0.3080532625525287,-0.1454108359791989,-0.4138313817715139,-0.49374005954389577,-0.16716524109984587,-0.6317028311360045,-0.20313118835926566,-0.12005552274594314,-0.6039120602164696,-0.26615084176648157,-0.24452060176071333,-0.44793589863251854,-0.5272628804970044,-0.22076980660554613,-0.021467299334580706,-0.36270675891510734,1,34,train
-0.4825972102366321,1.1356689701120903,1.4513100743348872,0.8732457871672085,0.7299691248525184,0.9844820694905877,0.731691436903654,1.155417109179729,1.4255111541314942,0.9132816739102269,-0.3475808601875153,0.5130871286714055,0.8275700953941257,0.5033541413134821,1.032180098188938,0.12973274451277408,0.8525709586060838,-0.23446359264238822,-0.0386421674259901,0.47952115353428837,0.28604666183366373,0.7834493716193642,0.6009244194327219,0.8503727895432059,0.4558192126343434,0.339652903527548,0.2438094309270696,-0.4890279109034682,0.2884444717557097,0.3811530369511533,-0.4916793215466156,0.32815611412941126,0.1929130674485279,0.8819548531381337,0.5186319807795228,0.44067698008173667,0.4766266121274457,0.5070402957378088,0.2535140534778745,0.34514852684953706,0.6898775201080218,0.7851085138624041,-0.3960966264577926,-0.31479998793423125,0.1241910248097109,-0.6305113264545161,-0.4020018669615691,0.17760199141823935,0.8634358506440869,-0.29361244706242245,0.47329339929394526,0.9232364997040353,0.6175006829390427,0.40734978288067325,0.9273001307425878,1,34,train
-0.499703890033258,-0.19859929233286808,-0.020272182011075984,-0.42607066172563796,0.5388150860482208,0.27575432698671987,0.052759364689457446,0.1397452487203321,-0.011385174925141706,0.20561878708844153,0.2593464410337933,-0.5276978568256141,-0.8106049476190259,-0.48272989454972487,-1.059944071056557,-0.6337133265511148,-0.6334277239883972,0.2126592860935553,-0.7394705675609945,-0.5563287107652329,-0.9405804341144095,-0.44394465191557086,-0.8296344596645785,-0.7626852651288707,-0.6184753812368691,-0.5134267789164976,-0.7416805513855355,-0.11869275954840063,-0.6886891263624696,-0.3631266310933047,-0.12350219513871433,-0.7628661549251285,-0.7040779535459671,-0.6212743542945137,-0.5472257313102156,-0.6436830421941196,-0.4841815472207706,-0.4575589165225449,-0.3975097726671632,-0.7382105385002306,-0.8269829320920353,-0.5821931543498939,0.053577078543998145,0.10784065986616619,-0.4883436515600929,-0.11462050887208362,-0.12329628532313423,-0.76615620543888,-0.605909339093098,-0.1627008595911982,-0.8427484548867173,-0.878095047659451,-0.8221377664962294,-0.5964175771650888,-0.7881345629511558,1,34,train
-0.4369793974456296,-0.45137156696560676,0.13873352789071242,-0.28356498668577734,0.21652048573864924,0.34075228573487,0.24129276383786147,0.07748651688928732,0.21834485656807612,0.21872365536291904,0.38014265147104404,-0.6119389392026574,-0.789486668979814,-0.6848883529271477,-0.8390523201774819,-0.8381004636863291,-0.7806257066982278,0.0853329034071608,-0.7345524735249594,-0.7096807856475643,-0.8284180342903639,-0.7073455817449706,-0.8615536232955527,-0.7285722549092195,-0.6695165270995285,-0.48208001893167707,-0.7055631174787907,-0.1663072790083379,-0.6171370093377975,-0.4694522979567987,-0.11720856904627158,-0.6804211471880097,-0.7198146381248178,-0.7454149044578705,-0.57658198185506,-0.7127960985589544,-0.6129250722947251,-0.4575589165225449,-0.6660254363690076,-0.8861482259954719,-0.8530856932197609,-0.5464800510756921,-0.24449234877147458,0.09915626299355527,-0.6555960277319897,-0.12220713854241351,-0.07144408408807659,-0.6496146363354585,-0.6279715791792418,-0.059062519509812346,-0.7757499604920655,-0.7306865740617844,-1.0013332696959785,-0.641934474160004,-0.7561131153355393,1,34,train
-0.342892658564187,0.014929798110312977,-0.16161059081266568,-0.15303457845598908,-0.0913264255915277,-0.1542321693471964,0.011451485100762174,-0.4108172621777305,-0.6008811047945308,-0.23339430010655493,0.10319524217588381,-0.37823787196311776,-0.6446756154537895,-0.6130097899485085,-1.136113640325204,-0.9312769526744415,-0.7946445621944023,0.23042575809630803,-0.9902933633987856,-0.6257711597685528,-0.9572854723860759,-0.5525635920514058,-1.0907912530089132,-0.665219521644153,-0.6184753812368691,-0.7888304559259927,-0.9119484540887605,0.20402787234672973,-0.6909251300194906,-0.39019134629492136,-0.0731531863991723,-0.8865336665308069,-0.8591967015374963,-0.6686734734477954,-0.635294482944749,-0.615084536112119,-0.6629919987123741,-0.5965095337375019,-0.6862907694785807,-0.9111838346485127,-0.9748985784824806,-0.7582077347727457,-0.18539237611409637,0.15705224214429464,-0.6121538521029256,-0.04886971839589124,0.022538030650465397,-0.40282072529291874,-0.758138795687491,-0.07269914320473155,-0.9121397526526068,-1.0431925380888376,-0.9375518194045424,-0.7401551466227159,-0.7995707942424474,1,34,train
-0.4569371905416932,0.39235689310988164,0.4692159837650178,0.654098404542885,0.6699556475534947,0.748239488655965,0.8916270732598843,0.7647740859261148,0.5109255570547214,0.5987648353227667,0.07667900086038976,0.13536098510982403,0.04619378574328545,-0.2783252310792196,-0.3921908471347547,0.033550562331496746,-0.28762928841609664,-0.24926898597801547,-0.18864403552506123,0.20753822827128557,-0.3797684349941815,-0.06920930844694026,-0.24058080356569012,-0.2120038144402161,-0.05459224599225079,-0.23578404762237254,-0.11220527472512803,-0.2615363179282124,-0.26384843152847864,-0.06541476387552149,-0.38783449102131007,-0.19124743461443766,-0.3601189906082284,-0.19693938282703966,0.01505937527949813,-0.3005009692101124,-0.050268184934479355,0.08213333584859246,0.07365922213041273,-0.005349994293034828,0.060510946250636764,-0.07710783661475397,-0.5322835199726207,-0.31479998793423125,0.11115837212099168,-0.15255365722373307,-0.3242235651089826,0.019928103807727887,-0.21540768956835057,-0.2990670965403901,-0.18233472442514848,-0.09977830706377112,-0.11750460137179243,0.06477524233999551,-0.17743981199618306,1,34,train
-0.6237273185587959,1.1010426311213042,-0.18863116896591078,2.22645093670538,-0.9826376995511014,-0.6929652505097486,-0.4810655407644506,0.20932853723738212,1.090668796907889,-0.6881332292309243,-0.6687220050084989,-1.405435586109001,-0.8618921957428262,-1.0959438849612408,-0.8949100043078227,0.132738437705939,0.6586434575756719,-1.2560357328006697,0.05480161925867716,-1.8236534050758204,0.03547108775866822,-0.5688564330717811,0.2469118773437348,0.1656759415630647,-1.194511170258311,-0.9500423644193556,0.31346448203293437,-0.504899417390114,1.254398051588784,-0.6879032135127046,0.24782174431540827,0.4793052949807959,-0.1330611131133813,-0.1292263554652087,0.25668389899475663,1.3677452189065897,0.011719438249276536,0.5473158369595355,0.21551655389742483,-0.5561333846599334,-0.3513326182090346,-0.9214676354548111,0.2565726368019494,-0.12953285465186526,-1.368047708048641,-0.015994323157795053,0.2429098858994604,-2.1143822009490503,-0.4779483465934632,0.524584974632729,-1.5510182527730376,-1.2731497569011976,-0.2967001045715415,-0.273008045885428,-0.12712039431449992,1,34,train
-0.6322806584571089,1.7023867182612897,-0.6510987565887594,0.17029762541596347,-0.4814140280351815,-0.34422620261101994,-1.8474030963905248,-0.2667676473529602,-0.318053094324107,-0.4443826793256428,-0.860228192287067,0.042967539922099035,-0.8679259896397439,-0.4041127162918382,-0.01895995771838607,-0.5916336218468059,-1.2035278474994875,0.20969820742642983,-0.25257925799351777,-0.041297213990610614,0.2025214704753319,-0.6856217937178036,0.18307355008178627,-0.748065403606163,-0.9952076483184029,-0.22458877619922232,0.3418424658168052,0.23577088532002125,-0.3421085595242138,-2.94394054496175,0.48383272278201156,0.3583859502996882,0.2513636101699737,0.06488432297204008,0.27249111082659594,-0.2933513426896122,-0.11463994747145663,0.5775224928758305,-0.3924434393897699,0.11982804897216941,0.26063211489653343,0.1856385660454451,0.9452157964618346,0.4088997514500109,-0.6751450067650685,0.44679008673232823,0.46976326630283766,-0.0897580788778453,-1.6295972790901756,0.3854914129445533,0.131122517206973,0.19209047065960883,0.19532822624810847,-0.4215368676583093,-0.10196068547365834,1,34,train
-0.491150550134945,0.6220449417487629,0.04727926337203674,-0.3446388474171462,0.11316394150144181,0.08451033297773966,-0.023501336089672285,0.28135334464976725,0.38847511573994026,0.0024933288340401893,-0.22089215168015472,-0.5195454940149324,-0.5089152527731416,-0.6511952765309106,-0.8771371048118052,-0.7389125883118869,-0.465201458034305,0.26595870210181344,-0.7517658026510823,-0.5707958876409246,-0.8785331491053631,-0.4656684399427379,-0.8470449125542009,-0.35576578608017456,-0.555281581597386,-0.7306150445256117,-0.8242346860295233,-0.2271480538738133,-0.7982533055564989,-0.4694522979567987,-0.195878895201806,-0.8837854996062362,-0.7647765940643916,-0.6009604460859644,-0.49302957645819495,-0.7270953515999548,-0.574778842643183,-0.5824130943098975,-0.5976299371241981,-0.5720651356209595,-0.8878893747233951,-0.5158688196978048,-0.20851845237133132,-0.04847848384083015,-0.4014593003019647,-0.15255365722373307,-0.12005552274594314,-0.5353581960379864,-0.5794346509897252,-0.08906309163863457,-0.5938969042780102,-0.7129975572300643,-0.9952588458586988,-0.4670537646532245,-0.7355278990112143,1,34,train
-0.6622173481012043,1.9459253024964855,0.0005128781068048526,-0.05603491729440332,0.46879936253269316,0.3295026390284594,-1.0212455046166196,0.9234728141228956,0.7699136585966039,0.2410019314295308,-1.0605731266708,-0.31030151520743765,0.19402173621776875,-0.4086051264780032,-0.48867230154170715,-1.201789340059284,0.5651844209345096,0.09717721807566262,-1.2878380525789104,-0.4058700712580399,-0.4274971157703711,0.2159154094096265,-0.21156338208298625,1.016064553467226,0.44852762036824917,-1.411287547053144,0.13545712920683553,-0.4599301490112843,-0.847445386010961,-2.0604709130232637,-0.3658067996977604,0.22097760407115674,-0.6321388240426492,0.3831355515726456,-0.08881658818687467,-0.6532158775547865,-0.46749257174822095,0.4728060856993411,-0.911742600322582,0.19721083935429568,0.08081309379442338,0.147374526823086,0.5623507562031671,-0.4942775233015234,-0.42535249689794996,-0.05898522462299776,-0.26264907614235167,-0.3913950812631716,-0.7073956434893599,-0.37270486449295376,0.12394410709326029,0.09480087808514884,0.07991417333979552,-1.4971730124328848,-0.458771101761957,1,34,train
-0.5695561658694805,0.23076731115287977,1.4066221950814435,0.411000488298417,1.1611770728529107,1.3032220595055546,0.448891338181048,1.0089259754596236,1.389751290738682,1.1884839076742544,0.09730274410577401,0.1272086222991424,-0.1408538250611628,-0.10087502872570397,1.032180098188938,-0.11072271094041926,-0.3927707046374042,-0.17228094063275368,-0.18864403552506123,0.031038670387847574,0.9279974182734141,-0.01489983837902278,1.0593996788594429,-0.24124353748563138,-0.253895767932159,0.012750977971562027,0.6720590043927567,-0.5842569498233428,-0.47179677163143213,-0.18913917622576906,-0.5546155824710431,0.7046549827955875,-0.1487977976922321,0.5998172391305047,0.8460670830104806,-0.1956397802427768,-0.08126199652635731,0.5896051552423485,0.1395215547365255,0.43618710376968556,0.7043790540678694,0.9917343256631431,-0.1494184797139531,-0.3987491577028034,-0.17773209581228458,-0.6153380671138563,-0.6126514344789907,-0.0052083130577159666,-0.2374699296544945,-0.49816180248621034,0.8920339892605197,1.2062607690115552,0.7025426166609575,-0.08854483174813998,0.6917137661419803,1,34,train
-0.46549053044000616,-0.42713312967205647,-0.56899776912313,-0.2584169263846255,-0.5869932936538342,-0.5704690974843887,-0.19402873644300403,-0.6757220623215876,-0.7330842361255335,-0.6147459668938503,0.2416689468234639,-0.34834587499061853,-0.42142524126783515,-0.4467906130604053,-0.5064452010377247,-0.7839979862093606,-0.4792203135304794,0.2067371287593044,-0.6411086868402922,-0.4376978603845615,-0.7425064088932226,-0.2647234006914432,-0.5597724398754326,-0.3679490040157643,-0.3195200983270068,-0.5425344846166882,-0.656546600033923,0.40506695451090935,-0.5411128849990833,-0.2993312309752083,0.23838130517674413,-0.6254578086965971,-0.7422956160946047,-0.4993909050432179,-0.375604574278817,-0.5674203593087846,-0.436498760156343,-0.40318693587321386,-0.5925636038468048,-0.43095534139472924,-0.5166501053512971,-0.4291369974604576,0.1435118195443563,0.397320555619863,-0.46010623740120127,0.19896018416821848,0.32392895032923796,-0.4942258775308964,-0.3323375620249133,0.33639956764284423,-0.5245056065121207,-0.568537253104351,-0.5548631176559258,-0.5029881570176312,-0.44504762421240707,1,34,train
0.8602771537985032,0.1707483235688505,0.6635562958672035,0.03138453041912459,1.1189453666054496,1.1407271626351794,0.8810353092627831,0.7501249725541043,0.6333759983695026,0.9801165021100622,0.3359489159452206,-0.4108473232058442,-0.2192931457210927,-0.43780579268807535,-0.29063142144322585,0.21389215392139174,-0.584361729751787,0.04683888073452991,0.19004920524964292,-0.538968098514403,-0.16260293746251872,-0.09907951698429487,-0.14482331267276738,-0.25099011183410314,-0.26361789095361793,-0.11263606196772027,0.27734704812618965,0.5505557639718288,-0.5679449288833354,-0.20460472776955,1.02823137977831,0.4078529549419595,-0.24096980736835813,-0.10891244725665938,0.024092067754834894,-0.5316722267062839,-0.4412670388627858,0.20900129069703147,0.24338138692308792,0.2176945191613291,0.2229281266009297,0.040235217000480564,0.8450027993471498,0.866277986740852,-0.4231803881164968,0.4670210991865413,0.9493961277271208,-0.5147920367844414,-0.49118569064514955,0.8736825412226604,0.0928376632671719,0.06826735283756884,0.08598859717707515,0.09831400854677515,-0.17057807322140808,1,34,train
-0.7007073776436127,0.8505787790879513,-0.9067549960386937,-0.22368865263541576,-1.1560099673038364,-1.2004493130433822,-1.0000619766224168,-0.26920916624829533,-0.22594435528201495,-1.2608159728255914,-0.29454837755652713,-0.1363844419128965,-1.3596801922385353,-0.29854107691696186,-0.5648418708103539,0.3912280523181218,-0.6310912480723682,0.32518027544432254,0.10890065365506346,-0.16860837049669702,0.20968077259176035,-1.090227345723789,0.38329375831244294,-0.4313017372808307,-1.2893018697175358,-0.4731238017931569,0.32636356557105745,0.1484775996434696,-0.6260810239658815,-1.0648760323923652,0.6757883186015157,0.4518236257350896,0.1794244806666558,-0.22628169468383305,0.32894543879745075,-0.4172782023782815,-0.3888159730919154,0.3157314749346071,0.4865653842379658,-0.42867937697172553,-0.420939981216303,-0.26332616083023486,0.5803377044032387,0.125209453611388,-0.25592801194459996,0.6440424581609053,0.797080286599139,-0.18116323111582294,-1.175115133315611,0.6991337579276948,-0.4144366514351926,-0.34447637323589775,-0.567011965330485,-0.5125706616481397,-0.4953670418940902,1,34,train
-0.6009184121632948,0.8217234965956295,1.592648483136477,2.2851297440747347,1.7679800099874832,1.5132154646918858,2.0185907625514683,1.3666084936262144,1.0798324746676429,1.4676176019206253,-0.3210646188720212,2.594657099665445,0.8486883740333376,2.32502647180337,1.0194851699774967,2.2818090708188543,0.4763983361254054,-1.2175417101280388,2.6589324113392725,2.753761358393014,1.8467745232150643,0.873059997231428,1.584615007696383,0.6724978076835963,0.9419253637072902,1.3606616573188468,1.3918278658200258,-0.5736759454989122,0.8049613165275619,0.85865194086539,-0.7497179913367686,1.4301710508822336,1.9756546204526244,0.972238889620575,1.3202834379656607,1.37489484542709,2.0596951426664423,1.0185396692537374,1.9355367015724465,1.4444393431603306,1.3221444007573764,1.0759152119523332,-1.0487658897175347,-0.5927006878577803,3.2085854944732617,-0.7746572901907841,-0.7908933762245014,3.0180170972133946,0.6516383458171053,-0.9563523586354952,1.2030984275214036,1.0765413122456087,1.4132502056226741,1.9645067853382994,1.3778876436194778,1,34,train
-0.49257610678466385,-0.5656384856352009,-0.5544482270406135,-0.8703530603793209,-0.4614095356021736,-0.4404731799880884,0.4796074537726419,-0.7404223130479675,-0.9075490241934961,-0.48500777097652303,0.23872269778840902,-0.09834008212971564,-0.42142524126783515,-0.0806591828879617,-0.31602127786610806,-0.8982143275496274,-0.2432362460115445,0.3962461634553334,-0.7222572384348717,-0.2611983025011235,-0.45852075827489436,-0.3597649733102988,-0.40888184816537254,-0.25342675542122106,-0.3073674445501831,-1.0015406129658466,-0.43984199659345485,0.3786144436998331,-0.18558830353274344,-0.5545128314475939,0.14083010074388141,-0.31491494622011595,-1.0435407208897485,-0.3188228320783354,-0.2152742828415894,-0.08124575591477438,-0.04073162752159384,-0.17160257384828553,-0.5748314373759283,-0.4582669144707738,-0.5369522528950836,-0.40362763797888485,-0.203379324314168,0.36837256604449337,-0.8576021444071378,0.2520665918605277,0.39522572702744224,-0.11032423813139026,-0.27938818581816793,0.036393846354622,-0.33308133681311525,-0.4771439994737977,-0.6095329321914424,-0.8407714452430548,-0.32382357252471583,1,34,train
0.8246382375555324,-1.786794040710258,-1.1655289945063103,-1.4906718811410669,-0.9159560581077417,-1.1841998233563447,-0.961931626232852,-1.6535503799032907,-1.3518382360435872,-1.2765418147549643,-1.146014348687392,0.9342925405566224,1.301222916302164,1.0109964923501216,0.8163663185944391,0.5024387004652238,1.3315485213920406,-0.9599278660881244,0.1679177820874849,1.0032329564343256,0.41730053396818517,1.2315024996796835,0.8359655334426233,1.5155764888264038,0.7985240491407709,0.5949050919753727,0.48115256802853473,-0.8752345687451816,1.3975022856381283,0.9166477591545685,-0.7748924957065396,0.5480094680950616,0.43795572731920446,0.972238889620575,0.6337988098400665,1.0674609050455832,1.2514719019243943,0.6278669194029888,0.4916317175153591,0.5363295383818489,0.9393039042174003,0.8463309766181787,-0.6530530293159588,-0.9342869648471427,0.7649631153384063,-0.9162743773702754,-0.7520042252982081,0.6506236542497736,1.1767196598673306,-0.5499809725269033,0.5450775004310723,0.946821855479662,0.8483287887556686,0.7762762111552494,0.8426720191870297,1,34,train
-0.4298516141970355,0.2030662399602509,0.08469237158422224,-0.04286212380332377,0.3421042437903099,0.3232528353026757,-0.03091557088764323,0.4022085299688541,0.29094821557772516,0.1938244056414118,-0.03822471150675118,-0.5412851281767501,-0.6054559551238246,-0.6242408154139208,-0.8517472483889229,-1.129652703423326,-0.6497830554006007,0.03795564473315355,-0.9066857647861886,-0.6199842890182762,-0.8594416767948871,-0.34890307929671527,-0.7977152960336042,-0.545823985875374,-0.5528510508420212,-0.697029230256161,-0.6178493494195537,-0.25624581576599714,-0.7199931775607638,-0.43078841909734633,-0.07629999944539367,-0.6941619818108629,-0.9153991464619634,-0.6348169597668799,-0.5201276538842052,-0.7032632631982876,-0.505638801399763,-0.48373801831666724,-0.7926837683038398,-0.6517238904260895,-0.6442636041979558,-0.5617856667646357,0.04843795048683482,-0.21637682337797434,-0.41231984420923073,-0.0033499403739119023,-0.026073408007401145,-0.5307879384260875,-0.6522400432740001,-0.17906480802510122,-0.6752522189000876,-0.6805676930385777,-0.7492446804488738,-0.701825128100682,-0.7515386228190226,1,34,train
-0.4198727176490037,0.01608400941000585,-0.4037565411859774,0.06611280416833432,-0.5036412418496347,-0.5804687834456426,-0.44929024877314655,-0.34489625200368307,-0.5076887335284141,-0.5859152566899998,0.053109008579950594,-0.37823787196311776,-0.6386418215568719,-0.6534414816239931,-0.8898320330232463,-0.6787987244485885,-0.782962182614257,0.04387780206740446,-0.6165182166601165,-0.5794761937663395,-0.8761467150665535,-0.5471326450446141,-0.8586518811472824,-0.7115157497993939,-0.545559458575927,-0.5358173217627981,-0.7726383518770309,0.13525134423793148,-0.6327890349369445,-0.4211224493824832,0.2698494356389579,-0.7985923249445467,-0.7422956160946047,-0.713815491689016,-0.6081964055187387,-0.7270953515999548,-0.6033885148818396,-0.49179312656101254,-0.5292344378793887,-0.8451808663814051,-0.8037804777562791,-0.6077025138314667,0.16663789580159125,-0.034004489053145306,-0.542646371096423,0.05481422043195058,0.23966912332226928,-0.5307879384260875,-0.6257653551706275,0.06093976900547654,-0.7087514660974135,-0.7749091161410844,-1.0377798127196562,-0.3592505875600042,-0.7515386228190226,1,34,train
-0.37995713145687654,0.19152412696332216,-0.0036441339167713146,0.08407570438344279,-0.08465826144719175,0.03076202093600012,0.2116358246459777,-0.20206739662658035,0.042796436276088916,0.024771604900651948,0.03543151436962121,-0.48965349704243316,-0.7683683903406021,-0.47823748436355995,-1.1615034967480862,-0.9402940322539363,-0.9511884485683492,-0.05383779394773552,-1.0025885984888734,-0.6257711597685528,-1.1338815912579776,-0.7046301082415748,-1.2706992662016772,-0.8406578599166448,-0.7132660806960938,-0.7238978816717215,-1.0589980064233637,-0.08694974657510911,-0.5858329581395034,-0.3321955280057428,0.0275448310799118,-1.2163136974792823,-0.8749333861163471,-0.9733820965760347,-0.8001411206196449,-0.8581718378091242,-0.5461691704045265,-0.8522592204954662,-0.7116224358655472,-0.8133173644593531,-0.9835994988583892,-0.8883054681287665,0.01760318214385488,0.1715262369319795,-0.4058035178648711,-0.03875421216878472,0.10355709508024297,-0.5307879384260875,-0.7338703315927326,0.058212444266492705,-0.9312821796225074,-1.0844669106961842,-1.1015612630110923,-0.8407714452430548,-0.9894122336778883,1,34,train
-0.7933685598753364,-1.4970870044873474,-1.6924302684945893,-1.0547721692544345,-1.8650580879848937,-1.891677605115056,-1.5021115900850208,-2.069829351557923,-1.7939601834456291,-2.0130354117806,1.05777992953367,1.0701652540679827,1.9619233480146507,0.9189020835337401,1.9055911591360863,1.71673875050385,1.4460358412774645,0.8137582555200223,1.658100275006126,1.0958228884387522,1.765635765895542,1.8261911969233797,1.802245668816662,1.6032956579626496,1.6953898978703577,1.6875635828748328,1.4253654830191458,1.185416023437659,0.6081929947097134,1.2201592082012696,1.2799764234760203,1.5208605593930644,1.501305985290122,1.5839132367891147,1.4535156519768782,0.8863370331929128,0.9439179253588363,0.9339610326881115,1.5150310395488036,1.735762789304806,1.8587011572717371,1.8462978682958293,0.911811464090273,1.317866624116619,0.8692243368481603,1.1624621523001144,1.273472385446231,1.0208145208135833,1.4811785730561167,1.1982341851617373,1.8754761748391604,2.1084006274292753,1.9022413245236842,1.871077365190842,1.830762402754626,1,34,train
0.6892103558322439,0.25615995974612293,0.4151748274585276,0.020606790290059504,0.616610334398807,0.6382429430821726,0.409701811391773,0.4925447290962524,0.16091234869477164,0.4795105340250214,0.15917397384192683,-0.5331327653660685,-0.31583384807177567,-0.6040249695761786,-0.7095640524207825,-0.3481724732004477,-0.462864982118276,0.1682431060866735,-0.41733540820069426,-0.5418615338895413,-0.6231847069527485,-0.3434721322899235,-0.5423619869858103,-0.3752589347771181,-0.3657001826789368,-0.4731238017931569,-0.41404382951720864,-0.02081846954741846,-0.6238450203088605,-0.19880514594063214,0.5310349184753322,-0.3946117870326642,-0.4972529562239281,-0.5174477123397062,-0.35753918932814344,-0.5149897648251169,-0.45557187498211404,-0.1212581473211272,-0.21512177468100477,-0.3808841240886475,-0.4180396744243335,-0.33730330332679576,0.17434658788733623,0.4175841483226218,-0.4883436515600929,0.09527624534037667,0.48920784176598425,-0.4942258775308964,-0.5639910829294245,0.524584974632729,-0.6106465278766732,-0.5390555583848177,-0.46374676009673127,-0.2849861766735636,-0.33525980381600745,0,34,train
-0.42272383094844135,0.3785063575135672,-0.06080304924094362,1.1199362834546982,0.48102433013064244,0.33325252126392957,-0.0023178080954695812,0.5535827014796296,0.26494104220113446,0.2278970631550533,-0.13545092966356276,0.026662814300735808,-0.1830903823395866,-0.6264870205070033,-0.9482287027958755,-0.7118613495734026,-0.44417317479004353,-0.3410624246589045,-0.7099620033447839,0.031038670387847574,-0.933421131997981,-0.19683656310654635,-0.780304843143982,-0.3460192117317028,-0.16639666073902856,-0.6947901759715309,-0.31085116121222384,-0.015527967385203208,-0.20347633278891147,-0.417256061496538,-0.24937471698756947,-0.33415211469211037,-0.7782651808462636,-0.44070628132963113,-0.6420690023012515,-0.31480022225111265,0.045097389194375864,-0.16153368854285388,-0.541900271072872,-0.3399167644745807,-0.4122390608403944,-0.35771079091205393,-0.08004025094224826,-0.17874443692999373,-0.29937018757366407,0.014352195523524507,0.0030934551873187817,0.05877529350886839,-0.4801545706020776,-0.35906824079803457,-0.3713661907529164,-0.5803299309921643,-0.5366398461440869,-0.5365269232244109,-0.7515386228190226,0,34,train
0.8018293311600313,0.38196899141264584,-0.31853779470266597,1.4851819211619037,-0.7703678076230732,-0.48672172755888754,-0.6981967027050283,-0.10318588136550925,0.21617759212002688,-0.4981126392510005,0.3771964024359891,-0.671722933147656,-0.4515942107524236,-0.9701563997486222,-0.600387669802389,-0.4142977234500758,-0.5002485967747409,1.151321223572324,-0.25995639904757045,-0.9903440170359821,-0.3272668861403729,-0.2592924536846514,-0.38566791097920944,-0.5238941935913125,-0.6111837889707749,-0.7171807188178314,-0.16638142558524507,0.23841613640112888,-0.09614815725190323,-0.6763040498548688,-0.3217514170506611,-0.1692620992178726,-0.3758556751870792,-0.28496631839741987,-0.14075456992006108,-0.3005009692101124,-0.367358718912923,0.11233999176488747,-0.18472377501664503,-0.6039286375430114,-0.5282513325191751,-0.41128044582335666,-0.49630962357247743,0.020996691140057103,-1.2855075743534192,-0.21071781802959555,-0.15570391109504525,-1.2231819666287682,-0.5088354827140646,-0.4654339056184043,-0.6704666121576124,-0.6186561341275577,-0.5913096606796036,-0.4383062507616991,-0.4953670418940902,0,34,train
2.3770694290993353,-0.33133359179754823,1.0979640523309129,0.4600990822197135,1.3878946537603334,1.371969900489175,1.4900617390961108,1.0663016694999983,0.6041179283208381,1.2933228538700745,-0.5155170551856443,0.20057988759527695,-0.8830104743820381,-0.05595092686405446,0.14353512338806015,1.4221808175736883,-0.584361729751787,0.7989528621843951,1.254816564051246,0.13520234389282737,0.8158350184493686,-0.723638422765346,0.8910986342597605,-0.7773051266515782,-0.9174306641467314,0.339652903527548,1.0590315105364498,1.3203238285741479,-0.5388768813420622,-0.6608384983110879,3.0012831597591143,1.0976428530091875,0.7099755607536252,0.2973657169143264,0.7128348689992633,-0.11461067967710842,0.07132292207981104,0.8332721796337949,1.2110510429052062,0.829928948949328,0.982808506096943,0.32083817129778053,2.862110561783754,2.4149954290231306,0.09160939308791283,2.1411373797726703,3.007280364243471,0.14332505932899772,-0.7846134837908636,2.9519039923283454,0.2675123093675144,0.20388314854742215,0.9789289012571807,1.0565644715976221,0.696288258658497,0,34,train
-0.5952161855644195,-0.14204293864791742,-0.8807736708913426,-0.3158982070729726,-1.2271370515100866,-1.2491977821044948,-1.096447028996039,-0.6818258595599254,-0.6052156336906293,-1.2555740255158003,0.1709589699821464,-0.0793179022381252,-0.42142524126783515,-0.24463215468298244,-0.4099637466307723,0.5775810302943467,-0.45351907845415973,0.3399856687799498,0.4457900951234691,-0.16282149974642038,0.16911139393199917,-0.20498298361673398,0.21499271371276052,-0.35332914249305664,-0.2830621369965358,-0.07233308484437953,0.14061676262208478,0.3389356774832187,-0.39577264729271794,-0.24326860662900238,0.653760627277966,0.21273310329744485,0.12996632913312475,-0.14051186002551383,0.1776478398355599,-0.329099475292113,-0.2910662596098388,0.23719416955224012,0.5296292170958088,-0.20108293467135419,-0.20921758540252827,-0.14088123531868577,0.45956819505990065,0.4262685451952327,-0.09953617967996921,0.55047402556017,0.6739313086658771,-0.02805960111721038,-0.3610184741369004,0.6227686652361473,-0.11294342665925898,-0.1410526796711178,-0.20254653509370724,-0.031049803965089176,-0.1545673494135998,0,34,train
-0.47119275703888147,-0.3290251691981625,0.030651215277732066,0.12000150481365975,-0.22468970847824696,-0.10923358252155402,0.3016658186213392,-0.508478017991134,-0.33864210658057464,-0.06827295984813835,0.15622772480687194,-0.31301896947766483,-0.6386418215568719,-0.6062711746692611,-1.0675610279834218,-0.9553224982197608,-0.747915043873821,0.07052751007153354,-1.0394743037591367,-0.5273943570138496,-1.1696781018401197,-0.5091160159970719,-1.0762825422675615,-0.626233224250266,-0.545559458575927,-0.8022647816337729,-1.0254603892242438,0.25693289396888225,-0.6327890349369445,-0.47911826767166177,-0.07944681249161505,-1.034934680457621,-0.9423763200257076,-0.8176421336438234,-0.682716118440267,-0.7437778134811217,-0.5008705226933203,-0.6569228455700918,-0.7673521019168733,-0.7882817558063122,-0.8414844660518829,-0.7275965033948585,-0.07233155885650326,0.09915626299355527,-0.49920419546735895,-0.06657185429332765,-0.003388069967063424,-0.5262176808141886,-0.7162205395238175,-0.06724449372676386,-0.883426112197756,-0.8368206750521043,-1.1440822298720497,-0.7976501744057667,-0.9482418010292385,0,34,train
-0.46121386049084967,0.40389900610681034,0.26760090062157366,0.9438998613466351,0.42767901697595473,0.3832509510701989,1.4243928023140824,0.45470118621855854,0.5477690526715583,0.3288045488685301,-0.04411720957686097,0.015792997219826986,0.01602481625869702,-0.3816506653610135,-0.4378925886959427,0.012510709979342328,-0.20818910727110865,-0.33514026732465363,-0.04356026146202522,-0.029723472490057305,-0.4179513796151332,0.07742626073643694,-0.2870086779380163,-0.14865108117514964,-0.0691754305244392,0.08887882364898342,-0.10188600789462955,-0.19011453873830653,-0.23254438033018454,0.1569025395663296,-0.03224461679829438,-0.08132075763161248,-0.5422149121635018,-0.1788825755305514,-0.061718510760864376,-0.04788083215244034,-0.07410957846669317,0.15462931004770047,0.04579438910474964,-0.16466750390329477,-0.13090930201935133,-0.17914527454104487,-0.537422648029784,-0.1729548390149198,0.5694733250076179,-0.15002478066695643,-0.17838924913538298,0.033638876643424534,-0.12274628120654613,-0.27452117388953556,-0.30676049972950203,-0.22949776382971776,-0.2815140449783424,0.14383090554169037,-0.3924409602724656,0,34,train
-0.6907284810955808,1.8535883985210557,1.4637811104056158,2.231241043429409,1.6268372022657054,1.6857100475235152,1.3799073935262567,1.7999780975481927,2.00958892288076,1.7650981117512647,-1.0959281150914586,3.072929051225433,2.5019479017887836,1.8780316582799572,1.2073701075068253,1.2989473966539267,2.392308587269233,-1.3655956434843115,1.3851460560061768,3.0170639775306016,0.5270764997534213,2.439888208690847,-0.057771048224655785,2.287992505942791,2.2714256868917997,1.7390618314213238,1.1906021626253054,-1.1953099495592043,2.582584223859261,1.5565349542785052,-1.2060058830388685,0.9107675021383846,0.5166391502134584,1.9721345936636123,0.11667716562703674,3.016925736301958,2.6795713745040013,0.6016878176088665,1.3326430415626451,1.854112939300999,1.6498790682499318,2.1498592461265447,-0.8997311760597982,-1.0616581189787693,1.9617950539191222,-0.9137455008134987,-1.218674036413727,2.6112641697543943,1.3796922686598545,-1.0272628018490748,2.1291133321903426,2.232223745251315,2.0267670131879165,1.710570412629825,0.8495337579618047,0,34,train
0.8089571144086254,-0.3278709578984696,0.6074366335489253,-0.7146745918483808,1.1322816948941214,1.0607296749451485,0.8683251924662614,0.4315067567128752,0.5510199493436322,0.9303180026670476,-0.1059884393130138,-1.0548839852496918,-0.8588752987943674,-0.8623385552806633,-0.36172301942729607,0.3822109727386271,-0.6824937182250075,-0.44173909934116995,0.3523463084388018,-1.2478597654232932,-0.005098290901092957,-0.6747598997042201,-0.05196756392811501,-0.6091767191404404,-0.7691682880694826,-0.03650821629029888,0.41665715033791917,0.4130027077542322,-0.3778846180365499,-0.6183082315656903,0.8897716057445694,0.5342686334722084,-0.1645344822710829,-0.27368081383711473,0.06022283765618196,-0.9058360146124586,-0.6510713019462673,0.3660759014617655,0.31431005280659396,0.01968561436000602,-0.05260101863617438,0.03003147320785147,0.48526383534571726,0.683905652416023,-0.9901007800757833,0.4518478398458815,0.8651363007201521,-1.1889050345395267,-0.6014968910758691,0.830045345398919,-0.017231291809756244,-0.10272647653572446,-0.05068593916171651,0.04800585923660569,-0.28722763239258264,0,34,train
0.9458105527816328,0.01608400941000585,1.6071980252189935,-0.25123176629858207,1.3412175047499817,1.5894630701464467,1.24962869636191,1.1151320474067001,1.2575481594076792,1.552799245704729,0.1709589699821464,-0.7559640155246993,-0.6567432032476249,-1.0083418863310243,1.0245631412620733,1.3891181924488742,-0.584361729751787,-0.13082583929299732,0.8638280881864542,-0.9643030986597372,1.3074404304441216,-0.4385137049087791,1.622337655623898,-0.5165842628299586,-0.545559458575927,0.8546353889924575,1.1106278446889422,1.0954774866799997,-0.5724169361973773,-0.3399283037776333,1.4215830105559821,1.1635988591988826,1.0629269148792786,0.7149293856456174,1.3315743035598318,-0.9511169825756262,-0.7774306876670004,0.8695201667333489,1.213584209543903,0.8117212335652982,0.9538054381772478,1.1805035858267814,0.927228848261763,0.9907543419149416,-0.8054715336522609,1.261088338014403,1.4906034781180348,-0.76615620543888,-0.6897458514204448,1.2445987057244625,0.9781749106250722,1.3389283952494553,0.9121102390471048,0.8864750144060967,0.9982047647485959,0,34,train
-0.3742549048580012,0.3369547507246239,-0.004683386922665357,0.13317429830473929,-0.48252538872590417,-0.09048417134420302,-0.5795689459374932,-0.031161073953124133,-0.13925377736004596,-0.09579318322454111,-0.1059884393130138,-0.29671424385630163,-0.5119321497216005,-0.5366388167837043,-0.8847540617386699,-0.7839979862093606,-0.7175408569654433,-0.15155338996287548,-0.5575010882276952,-0.38850945900720996,-0.759211447164889,-0.37334234082727813,-0.8934727869265271,-0.5823736396821431,-0.49937937422399714,-0.5559688103244684,-0.785537435415154,0.07176531829134845,-0.44496472774718004,-0.5931767103070462,0.15656416597498832,-0.7903478241708348,-0.8209790389888587,-0.6573879688874902,-0.4772223646263556,-0.5650371504686179,-0.4388828995095644,-0.5159584512940486,-0.648293269898131,-0.7677980759992789,-0.8356838524679439,-0.7148418236540721,0.09725966702988639,-0.013740896350386523,-0.5057205218117186,0.06998747977261037,0.09707556992586076,-0.46451920305355365,-0.6169404591361699,0.10184964009023412,-0.8164276178031041,-0.8751468781874977,-0.9314773955672627,-0.5748569417464447,-0.7035064513955978,0,34,train
-0.6408339983554219,2.2921886924043466,1.7506149400323712,2.2384262035154525,1.886895603894808,1.6244619710108352,2.0429518197448013,2.0892980866454005,2.0204252451210065,1.7349569147199664,-1.2461868158792584,2.9723832432270263,3.066107631150587,2.6058021084386795,2.268666105983302,2.5282759126583776,3.1773644950549964,-1.2915686768061752,2.929427583321204,2.8926462563996536,2.207126063075296,3.0563006939617106,1.622337655623898,3.3430591791648596,3.46238575702052,3.055625750783788,1.6833471537816078,-1.134469174693729,3.284689372163857,3.157219539059833,-0.9290863349713872,1.375207712390821,2.346590756954107,2.4438686842843675,1.5415844036114115,3.083655583826626,3.1969296141530408,0.7748726448622911,2.4295041961182924,2.4663473690889983,1.8703023844396152,2.1779195415562747,-1.1952310393466894,-1.1311332939596566,3.191208624221636,-0.9820251678464678,-1.1149696339436117,3.132273537510867,2.6240026095183717,-1.1718110130152184,2.689029321059934,2.1644158473963886,2.3001160858655,3.2270017704077905,2.2561902067906745,0,34,train
-0.6907284810955808,0.1788278026667006,1.820244891427272,-0.2751822999187267,1.654621219533772,1.7857069071360538,1.5578490286775595,1.4825806411546312,1.386500394066608,1.742819835684653,-0.15018217483883722,-1.030426896817647,-0.42142524126783515,-1.1947769090568698,1.4714246143048004,2.080427626876805,-0.39744365646946234,0.19489281409080259,1.7613802497628634,-1.227605717797325,1.963709791116729,-0.20498298361673398,2.0575989778644557,-0.2924130528151081,-0.23688205264460585,1.3875303087344073,1.5620957685232508,-0.7482625168520155,-0.48074078625951616,-0.14660890948037145,-1.1997122569464256,1.5291050601667762,1.7328600583789266,1.1844063753543121,1.6567512326719553,-0.9677994444567931,-0.856107286323306,0.9581263574211475,1.8316768693858843,1.4694749518133714,1.6208760003302367,1.5172271309835412,-0.9100094321741249,-0.7895470169702942,-0.9032164288176551,-1.1084689956852993,-1.1182103965208028,-0.9352557370791386,-0.35881225012828605,-1.0463540750219618,1.478270815213724,1.6219526645569753,1.823273814639049,1.6961966556840624,1.6843786422260933,0,34,train
-0.49257610678466385,0.41544111910373904,-0.3039882526201494,1.4851819211619037,-0.6358931640456313,-0.4217237688107374,-0.703492584703579,0.1397452487203321,0.5260964081910661,-0.4614190080824635,-0.014654719226312014,-0.7260720185522,-0.4425435199070471,-0.9342171182593025,-0.7984285499008703,-0.34516678000728274,-0.32968585490461966,-0.7260026513852135,-0.20585736465118415,-1.0482127245387487,-0.3917006051882289,-0.41407444337821625,-0.1825459606002824,-0.27535654770528256,-0.6111837889707749,-0.8134600530569231,-0.16896124229286968,-0.3435391014425488,-0.09391215359488223,-0.47911826767166177,0.30761119219361444,-0.08406892455618312,-0.39159235976593,-0.24659560289238236,-0.08655841506804049,0.11894378665922985,-0.22669449707286152,0.0962297752761968,-0.19232327493273496,-0.5857209221589817,-0.4789461170556933,-0.4265860615123003,0.2103204842874795,-0.04558368488329318,-1.4049735573333455,0.1332093936920261,0.2331875981678871,-1.1203511703610434,-0.5639910829294245,0.25730715021231293,-0.883426112197756,-0.7012048793422511,-0.5639747534118452,-0.62037383874136,-0.5342502282844818,0,34,train
-0.5396194762253852,0.7120734231248068,1.043922896024423,0.4373460752805761,0.8811141787908002,1.0357304600420136,0.10148147907612366,1.1676247036564045,1.2846389650082946,0.9080397266004359,-0.4035595918535583,-0.003229182671763451,0.21212311790852179,-0.2109390782867453,0.4989931133084113,-0.5255083715971778,0.08387038223252362,-0.027188085943606433,-0.48372967768716835,-0.09627248611823884,0.36241255107556714,0.2647939324707522,0.5806122243948292,0.2728882593962541,0.11797543763864532,-0.4417770418083363,0.4295562338760423,-0.4996089152278987,-0.39353664363569696,-0.31866317040493447,-0.3563663605590963,0.5012906303773609,-0.605161650478905,0.5433897163289789,0.45540313345216543,-0.13129314155827546,-0.0574206029941435,0.3600345702785065,-0.24045344106797123,0.44529096146170044,0.5477624873015156,0.5351167909429914,-0.018370714256288376,-0.5521735024522627,-0.46879467252701407,-0.4282012019123857,-0.36311271603527584,-0.06005140440050256,0.14641304784440964,-0.3427042923641315,0.41586611838424364,0.6667457556440954,0.42311912014609454,-0.39039372760915675,0.5430427593551892,0,34,train
-0.4840227668863509,1.1356689701120903,1.6674746995608478,1.661218343269967,1.543485150461506,1.4257182125309145,1.3703748059288656,1.4068935553992434,1.400587612978928,1.3365689191758503,-0.49783956097531495,1.749528821624784,1.4520677637251063,1.720797301764184,1.4460347578819182,1.392123885642039,0.9250017120029845,-0.6460535273728263,1.3802279619701416,1.8481160859747174,1.6510869320326869,1.264088181720434,1.5207766804344345,0.9770782560733389,1.3259492230549181,1.208405965964004,1.0925691277355698,-0.6001284563099885,0.887693451837339,0.9205141470405138,-0.5797900868408142,1.2158140307657246,1.3012252813590193,1.2137486872111054,1.1531786271719306,1.339146712824589,1.4350506321224406,0.8171619631451041,1.1755867099634532,1.2737420114350522,1.3192440939654069,1.3054994472864876,-0.5759661084585089,-0.5434891055796519,1.3427440512049589,-0.6684444748061656,-0.5381138952035953,1.8046137012542414,1.0796458034882974,-0.6454373383913377,1.4519499781301108,1.4067362931043819,1.3069477884702807,1.2098845456857574,1.4670902476915524,0,34,train
2.1789170547884185,0.39928216090803886,-0.3143807826790898,0.8900111607013097,-0.9681900105717067,-0.7729627381997795,-1.018067975417489,-0.5536461175548332,-0.05798136055820004,-0.764141465222894,1.034209937253231,-0.8130305551994707,-0.6989797605260487,-0.6264870205070033,-0.577536799021795,0.06961888064947575,-0.40211660830152046,1.533300371631508,0.28103394491629263,-1.042425853788472,-0.1745351076565661,-0.4602374929359461,-0.017146658148870373,-0.6213599370760301,-0.8080567801553183,-0.5626859731783586,0.21285163043557417,0.1087988334268552,-0.1274522084501973,-0.7207675105432391,-1.2374740135010822,0.26769644178885743,-0.263450785338145,-0.15405446549788004,0.1279680312212077,-0.4577927526611157,-0.6534554412994886,0.3177452519956935,0.0660597222143228,-0.023557709677064536,0.04600941229078918,-0.2939373922081221,-1.8684568148350849,-0.5955954868153173,-1.1964511143138379,-0.59004930154609,-0.9885798934331588,-1.0060947300635712,-0.43603009042978974,-1.5454545022560044,-0.4144366514351926,-0.48893667736161106,-0.1357278728836313,-0.009489168546445121,-0.1728653194796664,0,34,train
-0.45978830384113084,0.5262454038742547,0.4286851165351501,0.4517163954526629,-0.04464927658117597,0.2020066430224726,-0.6314685895232899,0.370468784329498,0.5380163626553368,0.18596148467672527,-0.21205340457499006,-0.40812986893561704,-0.3429859206079053,-0.44005199778115783,-0.635933468794424,-1.0815616123326874,-0.39744365646946234,-0.26407437931364275,-0.8943905296961008,-0.45216503726025314,-0.7138692004275088,-0.2348531921540886,-0.5539689555788918,-0.36063907325441047,-0.49937937422399714,-0.9993015586812165,-0.5972108157585567,-0.3329580971181183,-0.47626877894547415,-0.6183082315656903,-0.12035538209249295,-0.5704944702051845,-1.0862545790323435,-0.42716367585726495,-0.364313708684646,-0.3910629051364476,-0.32206007120171676,-0.13132703262655887,-0.8560129342712559,-0.6653796769641117,-0.5427528664790227,-0.47505384452728844,0.14608138357293796,-0.1440068494395501,-0.7164150736126794,-0.10956275575853036,-0.10709247243717872,-0.4873704911130481,-0.41176162633503144,0.04730314531055735,-0.7183226795823637,-0.612759795183651,-0.6095329321914424,-0.8623320806616989,-0.570846168416615,0,34,train
-0.3856593580557518,0.21922519815595107,-0.004683386922665357,0.6457157177758344,-0.38472564794231,-0.4804719238331039,0.44253627978278715,-0.4742967534564428,-0.11758113287955373,-0.36444298285133,0.02364651822940163,-0.5331327653660685,-0.674844584938378,-0.5456236371560342,-0.9507676884381636,-1.0094249756967293,-0.782962182614257,-0.26999653664789364,-0.9583257521645573,-0.7878035407762991,-0.9262618298815526,-0.4683839134461337,-0.8644553654438232,-0.5555705602238457,-0.5966006044385865,-0.6298576017172598,-0.6952438506482923,-0.023463720628526086,-0.3913006399786759,-0.30513081280412613,-0.03853824289073714,-0.6969101487354334,-0.8052423544100079,-0.6506166661513071,-0.5246440001218736,-0.5888692388702851,-0.6224616297076107,-0.4696415788890629,-0.6330942700659511,-0.6426200327340745,-0.7573755690847669,-0.7224946314985439,-0.35755316602906767,0.313371385851291,-0.22117427144134869,-0.06151410117977439,0.17809463435563833,-0.5513540976796324,-0.6125280111189411,0.07457639270039573,-0.8690692919703306,-0.9812809791778176,-0.7917656473098312,-0.6275607172142413,-0.6691977575217228,0,34,train
2.3243238330597387,1.1218184345157758,-0.7508670451545874,0.5894319637684945,-0.6836816737467057,-0.7654629737288391,-1.089032794198068,-0.14102942424320314,0.10239620859744258,-0.8218028856305949,2.4071619875888124,-0.45160913725925234,-1.1032439516195336,-0.6961193783925601,-0.48613331589941894,0.17481814241024782,-0.2946387161641838,1.1453990662380733,0.0523425722406596,-0.5881564998917546,0.23115867894104566,-0.9218679885132447,0.3542763368297391,-0.33870928097034897,-0.866389518284072,-0.5380563760474281,0.2799268648338143,0.3839049458620483,0.06708010971063016,-1.318124438921778,-1.2311803874086396,0.32265978028027004,0.27384458813976054,-0.014114208950096038,0.3989488054813107,-0.20278940676327695,-0.2791455628437319,0.4989851874934635,0.30671055289050403,-0.07818085582915366,0.005405117203215947,-0.09496438825185488,-2.235904470922262,0.1338938504839989,-0.9488307132281724,-1.4953871088721236,-1.1959886983733894,-0.41424636932266595,-1.2611578696515722,-1.1363557914084284,-0.22779798847866226,-0.24718678066143776,0.010058299211079784,-0.36164621371763134,-0.12712039431449992,0,34,train
-0.5367683629259475,0.8113355948983937,0.34970188808720293,-0.4512187220267898,0.8444392759969525,0.6257433356306051,0.4743115717740912,0.10068094639497066,0.10456347304549181,0.5699341251189162,-0.2503546420307037,-0.6173738477431119,0.09748103386708577,-0.5883015339246013,-0.7628827509088352,-0.24898459782600543,-0.6801572423089783,0.45842881546496794,-0.35831827976827285,-0.7849101054011608,-0.4036327753822763,0.21048446240283478,-0.6613334150648962,-0.4288650936937128,0.2662378137158941,-0.5201439417703877,-0.04255022361926328,0.13789659531903908,-0.8809854408662761,0.006113412014465386,-0.3752472388364246,-0.051090921461335564,-0.6276426284486918,-0.578389436965354,-0.4433497678438427,-0.6865808013171205,-0.6153092116479465,-0.09507904552700487,-0.22018810795839805,-0.4582669144707738,-0.3223295502893394,-0.3908729582380985,-0.2290749645999846,0.015207093224983167,-0.6034654169771128,-0.14496702755340318,-0.2788528890283072,-0.8849829033482509,-0.28159440982678235,-0.3890688129268568,-0.5460408368532589,-0.5390555583848177,-0.5123421507949684,-0.30894243824983475,-0.5273884895097067,0,34,train
2.134724798647135,0.31502473603045933,0.9535078845116413,-0.6404279376259324,0.6944055827493932,0.6694919617110908,0.8121888432816242,0.30332701470778306,0.786168141956973,0.6407004138010948,0.7513700298879609,-0.6662880246072015,-0.014144153225891406,-1.026311527075684,0.28825730499848884,0.12973274451277408,-0.19650672769096336,-1.2293860247965407,0.10398255961902834,-0.839885377528789,0.3457075128039008,0.06927984022624932,0.44713208557439144,-0.07798841714872935,-0.042439592215427126,0.15605045218788466,0.3212039321558082,1.5636869280360495,-0.7289371921888478,-0.07314753964741195,1.4593447671106388,0.3556377833751176,0.05577910183282817,0.07842692844440628,0.45314496033333124,-1.0655110069036287,-0.686833392244588,0.5191229581043268,0.27884571986484097,0.06292893839707657,0.09821493454624047,0.40246812163881324,1.4385720899495136,0.8257508013353344,-0.8489137092813249,1.6530642043147805,1.5683817799706214,-0.7638710766329305,-0.02787864883612729,1.500967231188943,0.25794109588256414,0.3512916221450888,0.0768769614211557,0.05279711155185993,0.06043379886268271,0,34,train
-0.515385013180165,-0.20437034883133245,0.7383825122915746,0.02300184365207397,0.7621985848834756,0.7544892923817487,0.5887026229427857,0.5218429558402735,0.8360152242621052,0.6695311240049453,0.1886364641924758,-0.4434567744485707,-0.635624924608413,-0.5568546626214466,-0.15606518240195008,-0.32412692765512835,-0.8180093213546928,0.19489281409080259,-0.44192587838086983,-0.6257711597685528,-0.14589789919085233,-0.47924580745971723,-0.22897383497260856,-0.5775003525079072,-0.5601426431081155,-0.2402621561916326,-0.23345665998348522,-0.3117960884692573,-0.5053368264867472,-0.5699783829913748,-0.2808428474497832,-0.06483175608418872,-0.3308937192475055,-0.2353100983320772,-0.15430360863306622,-0.7223289339196213,-0.5509374491109693,-0.048762173122019206,-0.09352977602356582,-0.17832329044131703,-0.09030500693177809,-0.12302468368158487,-0.2830358092001995,-0.06584727758605197,-0.5687116764738614,-0.4863653627182482,-0.3015382270686449,-0.5513540976796324,-0.6213529071533986,-0.402705436621776,0.10240887675212218,-0.14989718808697777,-0.28455125689698224,-0.23467802736339413,-0.22775922967786622,0,34,train
0.7334026119735275,0.673984450234942,-0.5367809259404147,-0.4164904482775801,-0.1424490173647701,-0.1979807954276821,-0.5891015335348845,0.40098777052118656,-0.008134278253067869,-0.28188231272212166,0.3153251726998363,-0.45160913725925234,-0.463661798546259,-0.48048368945664244,-0.7806556504048527,-0.6487417925169393,-0.546978115095322,-0.14563123262862457,-0.7665200847591876,-0.44348473113483816,-0.5157951752063219,-0.3244638177661524,-0.562674182023703,-0.27048326053104665,-0.5042404357347265,-0.6410528731404099,-0.35212822853421777,-0.03933522711517184,-0.9480655505769062,-0.7304334802581022,-0.23678746480268395,-0.4440787916749355,-0.4050809465478021,-0.6099888497342085,-0.34173197749630413,-0.6270005803129526,-0.7178272038364659,-0.16153368854285388,-0.4937701049376357,-0.631240210619056,-0.5862574683585654,-0.5031141399570185,-0.36526185811481265,0.35968816917188245,-0.33195181929546214,-0.4231434487988325,-0.17190772398100077,-0.4485233014119076,-0.8463877560320666,-0.08633576689965074,-0.5747544773081097,-0.7012048793422511,-0.779616799635272,-0.9030577253413599,-0.8453157194076139,0,34,train
-0.5011294466829769,-0.39596942458034895,-0.7997119364316073,0.38704995467827236,-1.0415398161594023,-0.9492072032668789,-0.7024334083038689,-0.7111240863039464,-0.6604808771158844,-0.9960976336811458,0.324163919805001,-0.5711771251492493,-0.22231004266955157,-0.7679979413711994,-0.2855534501586494,-0.155808108837893,-0.38576127688931705,-0.07160426595048824,-0.10257738989444665,-0.7964838469017141,-0.13396572899680492,-0.16696635456919173,-0.017146658148870373,-0.30459627075069784,-0.1979935605587701,-0.316390001869054,0.019365377363727614,0.3257094220776805,-0.7199931775607638,-0.12341058216470004,0.2698494356389579,-0.03185375298934116,-0.2791874699169958,-0.4181352722090208,-0.04816947204785923,-0.7962084079647895,-0.7035223677171376,-0.020569294266810537,0.0027305562469066755,-0.28074168947648415,-0.29622678916161377,-0.2811827124673358,0.19747266414457118,0.3625829681294194,-0.6447354838247237,0.21160456695210164,0.34337352579238456,-0.6953172124544472,-0.33895623405075653,0.34185421712081193,-0.31872451658568984,-0.2855129837968311,-0.3969280978866554,-0.18436987805322466,-0.2369082147108995,0,34,train
-0.38423380140603297,-0.06932762676726657,0.7165581991677997,0.21101353257020936,0.256529470604665,0.4657483602505433,-0.08705192007228038,0.1922379049700365,0.3462134590029804,0.4349539818917979,0.05605525761500549,-0.2858444267753928,-0.61752354291766,-0.49396092001513725,-0.8288963776083289,-0.8922029411632976,-0.745578567957792,-0.0034994566066028033,-0.6804534391285731,-0.40008320050776325,-0.6613676515737003,-0.5172624365072594,-0.5017375969100248,-0.6335431550116198,-0.4969488434686324,-0.6791167959791207,-0.6668658668644215,-0.08430449549400147,-0.5590009142552513,-0.3940577341808666,-0.09518087772272195,-0.751873487226846,-0.9221434398528995,-0.6641592716236733,-0.33495745813980154,-0.6055517007514521,-0.524711916225534,-0.3427736240406239,-0.5570992709050518,-0.5902728510049892,-0.7718771030446144,-0.4725029085791312,0.04586838645825316,-0.15848084422723496,-0.4666225637455609,-0.05898522462299776,0.025778793227656503,-0.44623817260595816,-0.5772284269811108,-0.11088168955050527,-0.5699688705656345,-0.6186561341275577,-0.7553191042861535,-0.5892306986922075,-0.628027324873073,0,34,train
0.7889993213125618,0.5204743473757902,0.6791450909556143,0.37387716118719283,1.1689565976879692,1.1769760242447247,0.8534967228703195,0.9478880030762464,0.7113975184992748,1.081023987823539,0.5804875858547769,-0.0820353565083524,0.12463310640321536,-0.2873100514515495,-0.2525466368089025,0.39723943870445166,-0.24557272192757357,0.3014916461073189,0.21218062841180096,-0.14835432287072875,-0.13396572899680492,0.1235893102941668,-0.02295014244541115,-0.03412883258060642,0.013462615157961759,-0.01859578201325855,0.40117825009217145,0.4553267250519542,-0.39577264729271794,-0.08667989724822028,0.8929184187907907,0.4628162934333721,-0.23422551397742208,0.06262722205997906,0.06925553013151872,-0.24568716588627787,-0.1456337590633346,0.3781585638282835,0.34724121910965033,0.3565283489645556,0.4520523631665215,0.22645354121596145,0.5315159878601872,0.9415427596368132,-0.2276905977857083,0.49989649442463746,0.926710789686783,-0.07833243484809808,-0.21320146555973618,0.881864515439612,0.09523046663840946,0.2422093516828155,0.4048958486342557,0.2564253349501649,-0.09052445418236672,0,34,train
-0.35144599846249996,-0.23899668782211855,0.14392979292018263,-0.05723244397541055,0.2087409609035906,0.22575589718045053,0.1703279450572824,0.20200398055137686,0.3007009055939467,0.129610551096472,0.020700269194346737,-0.3918251433142538,-0.8498246079489908,-0.568085688086859,-0.9431507315112989,-0.8531289296521537,-0.7759527548661698,-0.0360713219449828,-0.8329143542456618,-0.5331812277641264,-0.9429668681532191,-0.7996716808604304,-0.9979355042642609,-0.86989758296206,-0.8080567801553183,-0.753005587371912,-0.9506457047031297,-0.06578773792624809,-0.7311731958458687,-0.5525796375046212,-0.07944681249161505,-0.9030226680782306,-0.8277233323797947,-0.8086137299955793,-0.7143305421039456,-0.6389166245137862,-0.6010043755286183,-0.8240663416402576,-0.5621656041824451,-0.77462596926829,-0.9052912154752123,-0.6995362079651284,-0.07747068691366658,0.15705224214429464,-0.5078926305931718,-0.17025579312116948,-0.084407134396841,-0.45309355902380644,-0.7272516595668894,-0.05633519477082851,-0.7159298762111262,-0.860406030827731,-0.97703557434686,-0.6922426234701735,-0.8544647044406471,0,34,train
0.6393158730920849,-0.46753052516130694,-0.5398986849580969,0.4169881217034532,-0.30804176028244645,-0.3704753782593113,-0.7808124618824189,-0.22892410447526634,-0.2703732764670241,-0.4627294949099113,-0.100095941242904,-0.4842185885019788,-0.32790143586561105,-0.7657517362781169,-0.7273369519168,-0.7178727359597324,-0.47454736169842127,0.4169737141252116,-0.6878305801826258,-0.7270413978983943,-0.6876184260006045,-0.16425088106579586,-0.6816456101027888,-0.4483582423906563,-0.3535475289021131,-0.5268611046242778,-0.4836988806230734,-0.03404472495295659,-0.7311731958458687,-0.12727697005064528,-0.09832769076894332,-0.44133062475036494,-0.40957714214175944,-0.5242190150758893,-0.3439901506151383,-0.6889640101572873,-0.51755949816587,-0.28236031220803387,-0.48617060502154574,-0.6335161750420597,-0.5920580819425044,-0.4980122680607039,-0.43977921494368083,0.04126028384281589,-0.7685456843675563,-0.36497928799296997,0.041982606113612014,-0.5787756433510257,-0.308069097930155,0.0036659494868159395,-0.8786405054552808,-0.6363451509592777,-0.7067237135879164,-0.6227694648989871,-0.6920702201043061,0,34,train
-0.49685277673382033,0.19960360606117225,0.3143672858868055,0.1798778388640213,0.3665541789862084,0.6444927468079562,1.2591612839593014,-0.3473377708990182,-0.2617042186748272,0.4978573496092899,-0.06179470378719035,-0.2478000669922119,-0.1408538250611628,-0.5231615862252095,-0.646089411363577,0.2078807675350619,-0.6287547721563391,0.1238269260797917,-0.31651448046197433,-0.4203372481337315,-0.4084056434598953,-0.22670677164390096,-0.2870086779380163,-0.5823736396821431,-0.326811690593101,-0.9298908758576853,-0.18959977595386665,0.11144408450796282,-0.6327890349369445,-0.14660890948037145,-0.3846876779750887,-0.1582694315195901,-0.4320581201115463,-0.2872234193094809,-0.09784928066221144,-0.6222341626326192,-0.5390167523448623,0.11838132294814648,0.20031755406524496,-0.6426200327340745,-0.7631761826687059,-0.43934074125308664,-0.5759661084585089,0.16863143797444252,-0.41666406177213716,-0.11967826198563687,-0.3469089031493203,-0.37539917962152547,-0.4492674344814761,-0.20361073067595575,-0.6082537245054357,-0.718893896173971,-0.712798137425196,-0.9126402299718683,-0.5754206609331316,0,34,train
-0.3571482250613753,-0.22399194092611124,0.02753345626004994,-0.3781695944853487,0.054261824893140805,0.09575997968415026,0.11842830147148582,0.09091487081363031,0.12190158862988561,0.0260820917280997,0.1179264873511583,-0.5630247623385677,-0.8528415048974497,-0.5860553288315188,-0.9456897171535872,-0.9643395777992556,-0.7899716103623441,-0.0419934792792337,-0.9361943290023993,-0.6489186427696594,-0.8403502044844113,-0.5009695954868842,-0.9805250513746386,-0.7578119779546347,-0.7594461650480236,-0.7216588273870914,-0.8732512034743911,0.08499157369688658,-0.5768889435114194,-0.5023165949873332,-0.10462131686138607,-0.7133991502828572,-0.9558649068075797,-0.8447273445885559,-0.7165887152227799,-0.7985916168049563,-0.6939858103042521,-0.7696943609909266,-0.6989566026720639,-0.7336586096542231,-0.774777409836584,-0.6995362079651284,-0.028648970370615024,0.11363025778124011,-0.5187531745004378,-0.11462050887208362,-0.210796874907294,-0.491940748724947,-0.6323840271964706,-0.08633576689965074,-0.8642836852278555,-0.940006606570471,-0.9527378789977414,-0.6347475956871227,-0.7927090554676725,0,34,train
-0.3685526782591259,0.05994403879833493,0.13977278089660644,-0.6128848239627661,-0.100217311117309,0.033261942426313584,0.17138712145699256,0.027435379534917998,0.09264351858122108,-0.010611539440437317,0.16506647191203663,-0.6554182075262927,-0.7744021842375197,-0.7432896853472921,-1.0954898700485922,-1.1146242374575015,-0.9091318820798261,0.1238269260797917,-0.8796362475879954,-0.822524765277959,-1.0145598893175034,-0.5335552775276348,-0.9166867241126901,-0.6554729472956813,-0.5868784814171275,-0.7238978816717215,-0.9067888206735112,0.061184313966917946,-0.7468252214450157,-0.4481871645840999,0.10306834418922488,-0.9195116696256544,-0.9963306671531961,-0.8605270509729831,-0.6081964055187387,-0.791441990284456,-0.6415347445333818,-0.5038757889275306,-0.7293546023364237,-0.8406289375353977,-0.9197927494350598,-0.8194301975285202,-0.05948373871359496,0.05573427863050073,-0.6360470486989108,-0.023580952828124942,0.17161310920125614,-0.5673499993212785,-0.6941582994376736,0.09094034113429876,-0.883426112197756,-1.0255035212571175,-0.9709611505095803,-0.601208829480343,-0.8841989057980054,0,34,train
0.9458105527816328,-0.23091720872426846,-1.16033272947684,0.8145669797978541,-1.6827949347063773,-1.6204361234160447,-1.3135781909366167,-1.039508377726516,-0.4946851468401188,-1.6211998503737228,-0.08241844703257462,-1.255975601246505,-0.18610727928804544,-1.4283822387374474,-0.20938388089000273,1.3290043285855757,-0.423144891545782,0.8285636488556497,1.244980375979176,-1.6529407179426592,0.9065195119241288,-0.07464025545373201,0.9752491565596018,-0.11453807095549846,-0.2854926677519005,0.03738057510249248,0.9377801252780925,-0.2774078244148582,-0.6439690532220496,-0.10794503062091909,-1.2657953309170746,1.078405684537193,0.6919907783777958,-0.052484924455133586,0.8189690055844703,-0.9630330267764597,-1.0516067132874591,0.7003628936020968,1.1173238772734304,0.424807281654667,0.5680646348453021,0.14227265492677146,-1.1130049904320762,-0.62164867743315,-1.357187164141375,-0.9365053898244884,-1.0955250584804652,-1.4814015217010552,-0.22864503362003694,-1.1636290387982668,0.059338416069845946,-0.014281392377124478,0.48993778235617047,0.5774392400721986,0.3120308872710984,0,34,train
-0.4768949836377568,0.06456088399710641,-0.28528169851405666,1.2959727055627612,-0.7748132503859638,-0.5392200788554703,0.23493770543960066,-0.24357321784727687,0.07205450632475344,-0.5636369806233881,-0.0234934663314767,-0.7369418356331089,-0.4666786954947178,-0.8353840941636737,-0.8212794206814643,-0.6036563946194656,-0.5142674522709153,-0.5749876393618154,-0.7247162854528891,-1.0077046292868121,-0.4274971157703711,-0.2837317152152143,-0.40888184816537254,-0.4459215988035384,-0.42889398231841985,-0.5828374617400289,-0.2695740938902299,-0.22185755171159804,-0.5768889435114194,-0.2780660976025095,0.24782174431540827,-0.28468511004983904,-0.7198146381248178,-0.3978213640004715,-0.25817957209943904,-0.6698983394359536,-0.6653761380655955,-0.06889994373288254,-0.4963032715763323,-0.44688709235575524,-0.38033568612872976,-0.5719894105572648,-0.2239358365428213,0.11363025778124011,-0.27982120854058523,0.2065468138385484,0.2429098858994604,-1.2597440275239593,-0.5419288428432806,0.25185250073434523,-0.7111442694686511,-0.710049387758111,-0.551825905737286,-0.5724613155888176,-0.4015899453054989,0,34,train
-0.508257229931571,0.31502473603045933,0.32475981594574593,1.4265031137925495,-0.07799009730285579,-0.10673366103124056,0.9975447132308979,-0.49993270185746125,-0.2562860575547041,-0.13772876170286913,-0.08536469606762952,-0.3293236950990281,-0.4515942107524236,-0.15703015605276588,-0.8314353632506172,-0.6577588720964341,-0.5516510669273802,-0.7141583367167117,-0.7271753324709067,-0.33932105762985837,-0.5277273454003694,-0.2783007682084226,-0.4756219175755914,-0.49709111413301516,-0.3073674445501831,-0.7328540988102417,-0.22313739315298672,0.09292732694020944,-0.19229631450380646,-0.10601183667794647,-0.029097803752073003,-0.16101759844416075,-0.4298100223145676,-0.4000784649125325,-0.25817957209943904,-0.7985916168049563,-0.8298817534378707,0.04588534874903846,-0.5950967704855015,-0.5219939183148777,-0.5659553208147788,-0.48525758831991755,-0.5939530566585806,0.11363025778124011,0.6824229816431846,-0.18542905246182925,-0.039036458316165555,-0.3548330203679805,-0.29483175387846866,-0.08360844216066689,-0.4144366514351926,-0.5537964057445843,-0.6945748659133572,-0.8168151836667836,-0.5594099371253233,0,34,train
-0.48829943683550736,0.4569927258926824,1.0428836430185289,0.3211859872228746,0.5632650212441194,0.860735955720071,0.2794231142274264,0.6292697872350174,1.0592434624111753,0.8307210037810185,-0.15312842387389214,-0.19888589012812222,0.028092404052532393,-0.3816506653610135,0.2730233911447595,-0.39325787109792143,-0.26893748108786414,-0.10713720995599368,-0.5427468061195898,-0.2901326562525068,-0.12203355880275753,0.11815836328737504,0.21789445586103093,-0.21444045802733402,-0.21014621433559377,-0.37908352183869515,-0.10962545801750341,-0.3620558590103022,-0.5679449288833354,-0.3631266310933047,-0.312310977911997,-0.092313425329895,-0.5444630099604805,-0.0321710162465843,0.3108800538467772,-0.48162484106278286,-0.33398076796782367,0.2291390613078948,-0.25818560753884773,-0.20791082794036533,-0.08160408655586955,0.3182872353496233,-0.14170978762820813,-0.32348438480684216,-0.36670555979871344,-0.3498060286523102,-0.24968602583358723,-0.3548330203679805,-0.09185914508594464,-0.21724735437087495,0.009089545273857007,0.2540020295706288,-0.10535575369723317,-0.22030427041763143,-0.09281170044062505,0,34,train
-0.4298516141970355,0.6682133937364777,0.7020086570852831,0.24214922627639737,-0.006863013096605519,0.24450530835780152,-0.06269086287894728,0.43638979450354537,0.8566042365185729,0.23313901046484428,-0.100095941242904,-0.21519061574948545,-0.33393522976252876,-0.4714988690843125,-0.2170008378168674,-0.874168782004308,-0.09603826330171385,0.14455447674966987,-0.6558629689483976,-0.3856160236320716,-0.5778424602153684,-0.19412108960315047,-0.4814254018721322,-0.2120038144402161,-0.36083912116820727,-0.7597227502258022,-0.48885851403832264,-0.15572627468390737,-0.35105257415229785,-0.3205963643479071,0.014957578895026288,-0.5924798056017495,-0.7580323006734555,-0.17436837370642932,-0.18591803229674492,-0.3219498487716128,-0.31013937443560985,-0.31659452224650153,-0.6356274367046478,-0.61530845965803,-0.4905473442235714,-0.2760808405710212,0.03815969437250817,-0.04268888592575621,-0.447073584712482,-0.13485152132629666,-0.0908886595512232,-0.29770480021924445,-0.155839641335762,0.12639556274108865,-0.6465385784452368,-0.577381761520211,-0.5244909984695276,-0.5628788109583092,-0.275791401101291,0,34,train
-0.45551163389197435,0.4142869078040462,-0.06392080825862574,-0.10633103789670705,0.18206830432624677,0.1307588805485388,-0.3338400212047418,0.4290652378175401,0.14899239423050092,0.02739257855554745,7.652594896246551e-05,-0.552154945257659,-0.5481349131031066,-0.6017787644830961,-1.080255956194863,-0.9192541799017818,-0.7198773328814724,0.040916723400279,-1.0148838335789612,-0.565009016890648,-1.0145598893175034,-0.47924580745971723,-1.021149441450424,-0.42155516293235895,-0.4240329208076904,-0.7127026102485713,-0.6926640339406677,0.01092454342587305,-0.6976331409905536,-0.4713854918997713,-0.057419121168065405,-0.8645483311342418,-0.8457081147556242,-0.7002728862166498,-0.6781997722025986,-0.8081244521656231,-0.6224616297076107,-0.5139446742329622,-0.6229616035111646,-0.6016526731200077,-0.6268617634461386,-0.7301474393430157,0.06385533465832478,-0.0253200921805344,-0.46227834618265445,0.024467701750631028,0.022538030650465397,-0.4828002335011492,-0.6169404591361699,-0.10815436481152144,-0.8690692919703306,-0.8014426413886643,-0.6368678394592007,-0.7353638943074616,-0.9230820921883969,0,34,train
-0.45123496394281787,-0.4571426234640711,-0.1470610487301491,-0.10992361793972874,0.1576183691303482,0.08576029372289638,-0.39103554678908914,-0.21549575055092335,-0.3397257388045992,-0.004059105303198564,0.28880893138434227,-0.46791386288061554,-0.7683683903406021,-0.4153437417572506,-0.8339743488929054,-1.015436362083059,-0.6731478145608912,-0.07160426595048824,-0.9706209872546451,-0.5505418400149563,-0.9906955489294086,-0.6394587441600739,-1.0095424728573426,-0.5604438473980816,-0.7375713882497411,-0.6029889503016993,-0.9145282707963851,0.22783513207669837,-0.7289371921888478,-0.310930394633044,0.0023703267101407768,-0.9305043373239369,-0.854700505943539,-0.7521862071940536,-0.6781997722025986,-0.5459714797472842,-0.4722608504546637,-0.5743579860655522,-0.7698852685555699,-0.7928336846523196,-0.7776777166285536,-0.7990227099432621,0.1435118195443563,0.1454730463141468,-0.5252695008447974,0.07757410944294026,0.15540929631530062,-0.5353581960379864,-0.6323840271964706,0.014575248442751293,-0.8810333088265184,-0.904628572907031,-0.8312494022521488,-0.519757540121021,-0.7766983316598641,0,34,train
-0.40846826445125306,0.3738895123147957,0.8163264877336277,0.5834443303634583,0.8522188008320111,0.8019878006977046,0.6014127397393073,0.9588748381052544,0.9649674589210341,0.723261083930303,-0.1766984161543313,-0.04399099672517153,0.06731206438249734,-0.19521564263516797,-0.10528546955618562,-0.19788781354220183,-0.15445016120244032,-0.06864318728336279,-0.31651448046197433,-0.08180530924254721,-0.18408084381180403,0.13988215131454204,-0.04616407963157424,-0.25830004259545697,-0.01084269239568558,-0.07681119341363962,-0.08898692435650646,-0.30650558630704205,-0.40024465460675995,-0.18140640045387857,-0.3721004257902032,-0.02360925221562927,-0.2567064919472089,0.11905474486150486,-0.036878606453688276,-0.17180769184110964,-0.05980474234736488,0.08616088997076514,-0.015001610223969838,0.21541855473832539,0.25773180810456386,0.07084644837836783,-0.2958836293431078,-0.24243001399580705,-0.2689606646333192,-0.3599215348794167,-0.24968602583358723,-0.0052083130577159666,-0.1315711772410037,-0.4081600860997437,0.03541038235747026,0.04763016653389551,0.10117465677027422,-0.04781918706847899,0.06272104512094102,0,34,train
0.6321880898434908,-0.15358505164484615,0.09508490164316265,-0.04286212380332377,0.3332133582645286,0.39325063703145274,-0.1209455648630047,0.11655081921464874,0.03521101070791663,0.28424799673530654,0.038377763404676114,-0.42986950309743466,-0.8136218445674848,-0.5703318931799415,-0.9583846453650283,-0.8621460092316484,-0.7923080862783731,0.07644966740578445,-0.9140629058402413,-0.7530823162746392,-0.8737602810277441,-0.7073455817449706,-0.9718198249298274,-0.6993325318638042,-0.637919627279787,-0.7933085644952528,-0.7494200015084094,0.0162150455880883,-0.5612369179122724,-0.5197153404740867,0.3736942661642634,-0.8645483311342418,-0.8502043103495815,-0.6483595652392461,-0.6804579453214328,-0.6746647571162869,-0.4198097846837933,-0.5219997824773076,-0.691357102755974,-0.6426200327340745,-0.8646869203876391,-0.7224946314985439,-0.018370714256288376,0.2265274171251819,-0.6099817433214724,-0.15255365722373307,0.22022454785912265,-0.4211017557405143,-0.6544462672826146,0.46185650563610076,-0.6896090391275129,-0.9341102676265644,-0.8798447929503859,-0.5173619139633939,-0.7652621003685726,0,34,train
-0.508257229931571,-0.19859929233286808,0.722793717203164,-0.053639863932388857,0.7333032069246863,0.7644889783430026,0.5664599185488729,0.4839994129625796,0.8002553608692929,0.681325505451975,0.12381898542126808,-0.5440025824469773,-0.8256894323613201,-0.5950401492038487,-0.2627025793780554,-0.21892766589435625,-0.8600658878432158,0.0794107460729099,-0.2820878222097285,-0.5679024522657863,-0.1864672778506135,-0.528124330520843,-0.02875362674195192,-0.6749660959926248,-0.7375713882497411,-0.1193532248216104,-0.024491506665890936,-0.3805726165780555,-0.6417330495650285,-0.42305564332545587,-0.35321954751287493,-0.009868417592776124,-0.3039165456837613,-0.18113967644261242,-0.009780529027677976,-0.6818143836367871,-0.524711916225534,0.0781057817264198,-0.1036624425783524,-0.1532876817882762,-0.12800899522738182,-0.005681630066350341,-0.2162271444570763,-0.3321687816794531,-0.5882606555069403,-0.3599215348794167,-0.24320450067920504,-0.6107674466343179,-0.6787147313773728,-0.40543276136075984,-0.11055062328802141,-0.05850393445642447,-0.19950932317506742,-0.16760049494983487,-0.13626937934753322,0,34,train
-0.44125606739478607,-0.17205243243993207,0.2457765874977987,-0.3530215341841968,-0.0857696221379144,0.13950860576463592,0.16715041585815202,-0.034823352296126764,-0.010301542701117094,0.07457010434366647,0.01775402015929184,-0.4923709513126604,-0.635624924608413,-0.7904599923020241,-0.9609236310073165,-0.8891972479701327,-0.82501874910278,0.26595870210181344,-1.044392397795172,-0.6778529965210427,-1.002627719123456,-0.528124330520843,-1.0472651207848576,-0.5872469268563789,-0.5091014972454561,-0.7261369359563515,-1.0976952570377332,-0.09753075089953961,-0.6484410605360915,-0.45785313429896296,-0.18014482997069914,-0.9909640096644908,-1.0323002319048549,-0.8018424272593963,-0.7549776582429611,-0.7342449781204549,-0.6987540890106949,-0.5844268713709839,-0.7065561025881538,-0.8542847240734199,-0.9081915222671818,-0.7735133504616893,0.03045100228676319,-0.1353224525669392,-0.5122368481560782,-0.09691837297464721,-0.13301857305470755,-0.5216474232022897,-0.7051894194807455,-0.05088054529286083,-0.9504246065924079,-0.8898877255472644,-1.074226355743334,-0.6898469973125464,-0.7766983316598641,0,34,train
-0.5937906289147006,-0.9165187207418336,-0.9119512610681638,-0.7529954456406122,-1.0237580451078399,-1.2091990382594795,-0.4556453071714074,-1.288543305050695,-1.374594512748104,-1.2346062362766363,0.48326136769796535,0.2386242473784578,0.4021876256614289,-0.031242670840147223,0.19939280751840105,-0.06864300623611042,0.2637790277667611,0.4406623434622152,-0.2919240102817987,0.18728418064531727,0.11422341103938109,0.29737961451150274,0.33686588394011674,0.23633860558948497,0.27109887522662357,-0.12830944196013055,0.19995254689745107,0.6061060366750889,-0.10956417919402926,-0.08474670330524767,0.48068590973579023,0.24845927331686302,-0.30841274127771867,0.34476483606760805,0.27700745706426433,0.16422475462239747,0.12377398785068142,0.2976074813848301,0.0153963894403899,0.18127908839326967,0.3041367167760762,0.5019546236169469,0.21802917637322447,0.6173252763926727,-0.20814161875262946,0.38103929625613586,0.5021708920747486,0.08619683918026169,0.19274375202531188,0.38276408820556945,0.33929641050464143,0.5900933493733087,0.26822131229546403,-0.007093542388818003,0.245700745781607,0,34,train
-0.3371904319653117,0.4858480083850042,-0.08158810935882446,-0.3218858404780088,0.3465496865532005,0.19200695706121873,0.18409723825351418,0.23496448563840056,-0.05039593499002775,0.08374351213580072,-0.0912571941377393,-0.46791386288061554,-0.49081387108238855,-0.5141767658528795,-0.8492082627466347,-0.7629581338572061,-0.6591289590647168,0.1623209487524226,-0.6779943921105556,-0.5563287107652329,-0.9453533021920285,-0.25386150667785967,-0.9166867241126901,-0.45810481673912806,-0.42889398231841985,-0.6164232760094795,-0.8293943194447726,0.034731803155841685,-0.7826012799573518,-0.4655859100708535,0.08104065286567523,-0.8233258272656824,-0.868189092725411,-0.5806465378774152,-0.5607747700232206,-0.6079349095916189,-0.5723947032899617,-0.5018620118664442,-0.5976299371241981,-0.5811689933129743,-0.5630550140228093,-0.5949478340906803,0.05871620660116147,-0.1353224525669392,-0.6295307223545512,0.009294442409971248,-0.04227722089335666,-0.6381889923057112,-0.6720960593515297,0.06366709374446038,-0.7924995840907284,-0.727738404589831,-0.6550911109710396,-0.4910100262294957,-0.6852084813295312,0,34,train
-0.4854483235360697,0.19844939476147938,1.0688649681658797,0.41339554166043146,0.6077194488730258,0.9532330508616693,1.0589769444140857,0.8111629449374815,0.7905026708530715,0.8713460954318988,-0.07063345089235504,-0.09018771931903402,-0.2916986724841049,-0.35918861443018874,0.026741783842801934,0.2740060177846901,-0.544641639179293,-0.10417613128886823,-0.0755278726962535,-0.2062230303734953,-0.11010138860871012,-0.15610446055560823,0.33686588394011674,-0.5238941935913125,-0.35111699814674835,0.1806800493188151,-0.014172239835392453,-0.3990893741458089,-0.5031008228297262,-0.16594084891009764,-0.41930262148352393,-0.009868417592776124,0.249115512372995,0.033284910203185636,0.3063637076091088,-0.4029789493372812,-0.2815297021969533,0.15865686416987312,0.29657788633571747,-0.11004435775120565,0.10111524133821,0.2749213242309496,-0.43977921494368083,-0.2684832046136398,-0.16035522556065895,-0.453489967480152,-0.4020018669615691,-0.2794237697716489,-0.3676371461627436,-0.3536135913200669,-0.20147715139504901,0.12428257280468216,0.08902580909571496,0.28996410115694454,0.2639987158476736,0,34,train
-0.37140379155856357,-0.010462850482930176,0.2104419852974013,0.08766828442646449,-0.022422062766722765,0.03576186391662705,-0.09234780207083106,0.12875841369132418,0.10456347304549181,-0.011922026267885067,0.08551774796555445,-0.671722933147656,-0.6989797605260487,-0.7365510700680447,-1.2351340803744446,-1.093584385105347,-0.7128679051333852,0.0853329034071608,-0.8771772005699778,-0.7733363639006076,-1.0288784935503603,-0.528124330520843,-1.2184679075328102,-0.6359797985987378,-0.6330585657690575,-0.7731570759335824,-0.9661246049488774,-0.031399473871848965,-0.5679449288833354,-0.2780660976025095,-0.06685956030672954,-1.0239420127593384,-0.854700505943539,-0.9011548673900817,-0.8227228518079869,-0.7437778134811217,-0.6701444167720383,-0.7676805839298402,-0.5722982707372317,-0.9111838346485127,-0.7950795573803706,-0.7939208380469475,0.03045100228676319,-0.09190046820388469,-0.6447354838247237,-0.07415848396365754,-0.04551798347054776,-0.5056515215606436,-0.5595786349121957,-0.2199746791098588,-0.8571052751141427,-1.0343480296729777,-0.9588123028350211,-0.6539126049481396,-0.8407412268910972,0,34,train
0.7947015479114371,-0.05201445727187352,-0.9254615501447864,-0.5745639701705346,-0.9092878939634057,-0.9867060256215809,-1.1218672625890822,-0.5023742207527964,-0.4805979279277988,-1.0550695409162945,0.0030227749840173613,-0.04942590526562594,-0.6326080276599542,-0.04022749121247713,-0.5927707128755243,0.35515973400014283,-0.7175408569654433,-0.2611133006465173,0.19004920524964292,0.004997752011602625,-0.0766913120653774,-0.42493633739179976,0.055396895557889285,-0.5068376884814869,-0.6087532582154102,-0.0700940305597495,-0.16122179216999583,-0.285343577658181,-0.431548705805054,-0.4211224493824832,-0.5388815172399363,-0.1115505938018894,0.2221383388092508,-0.2578811074526875,0.1279680312212077,-0.2647528366076116,-0.25530416931151806,0.13046398531466447,0.38017238541270676,-0.3945399106266698,-0.13090930201935133,-0.30924300789706577,-0.7712529746307152,0.009417495309909228,0.0785767403991936,-0.6633867216926124,-0.5770030461298886,-0.037200116341008144,-0.623559131162013,-0.4817978540523073,-0.5651832638231594,-0.3562690511237111,-0.2754396211410628,-0.10052296253627557,-0.27807864735954935,0,34,train
-0.6707706879995172,1.9112989635056994,1.047040655042105,2.0204763475721363,1.5501533146058417,1.4444676237082656,1.32694857354075,1.670577596095433,1.6541575534006874,1.3549157347601188,-1.2078855784235447,2.053883699890231,2.263613042860535,1.0896136706080082,0.8696850170824917,1.4281922039600181,2.0838937663533974,-1.1760866087882824,1.3580965388079838,2.302385439871435,0.8086757163329401,2.008127921650903,0.841769017739164,2.2148931983292526,2.3127447097330003,1.4435066658501583,1.2112406962863023,-1.0524663911793926,2.3679278727852444,1.5565349542785052,-0.919645895832723,1.2955108715782728,0.7077274629566466,1.674197273271556,0.780580062564289,2.139904883120606,2.288572520575695,0.9238921473826798,1.2591812090404424,1.592377030655572,1.5831720120346329,1.4942687074501257,-0.8226442552023484,-0.9632349544225124,1.705486217707644,-0.6532712154655058,-0.8524678651911324,2.2662097200560285,1.117151611634742,-0.9536250338965113,1.7630144163909947,1.7162940876594819,1.6349666756833805,1.6195366186399947,0.9387363620338794,0,34,train
-0.9459031213952509,-1.6309755152517205,-2.05512956755161,-1.6966464702743107,-2.312936446346126,-2.112920657007798,-0.8962626894508237,-2.531276422776255,-2.185151416318514,-2.377350749811075,1.426061058915532,2.4451971148029488,2.1459540618706403,2.2059776018699986,2.926263387335952,0.30706864290950414,1.906321596735189,1.5036895849602532,0.7015309849972953,2.348680405873648,2.791802402583619,2.141186123317301,2.1214373051264044,2.1442305343028325,2.349202671063471,0.8613525518463476,1.7736407385484696,1.6985947331725384,1.5160104794602416,0.5590068797046341,1.6387131107452575,1.6033055671301832,0.45594050969503397,2.6199225554251284,1.8712776789612036,2.2805142046904425,2.4745353901269627,0.33184169142329784,0.3903050519674933,2.7531188863874663,2.279245642107317,2.5222958945575065,0.5238072957744422,1.911300410411698,0.8344705963449089,1.562024648270822,1.6980122830582658,2.5449954343818604,1.9025673587014655,1.738244483480537,3.0623066469729947,2.627278454493062,2.6858419995327565,0.9703219299230458,2.898906405361264,1,34,train
-1.2709300375311436,-0.41905365057420635,-1.7932378100663116,-2.394804525301527,-0.8337153669942649,-0.8579600688704374,-2.059238376332552,0.4986485263345901,-1.0776792833653603,0.5188251388484539,0.5421863483990633,-2.2695860440412523,-1.1665987875371693,2.8910701552601537,-0.2627025793780554,-0.119739790519914,-1.4068012521940154,2.3949742637650147,-0.02880597935391986,0.7659712556729829,-0.8666009789113156,-1.350912802049793,-1.3026184298326515,-1.973697127926487,-0.8323620877089657,1.0180863517704504,-2.9138862192054664,0.99495794559791,-0.10509217187998725,0.06410923030364393,0.7387245795259432,-3.005370365374762,2.2724035296538108,-3.6638463837527855,-3.3902656879224624,1.0722273227259167,-2.1816887667143936,-3.985696327545801,-2.7862859129580992,-2.565809970172212,-2.999312719277203,-2.242852456600278,2.0809630970949287,-0.5666474972399476,3.530057594128336,1.779508032153612,-0.7066335492175327,0.7808759961888918,-0.6213529071533986,0.6500419126259857,-1.266274651595767,-1.2289272148218975,-1.286831190048121,-2.378763438439664,-2.608782584524782,1,34,train
-0.8503908258640895,-1.6494428960468064,-1.731921882718563,-1.7661030177727302,-1.8106014141394833,-1.8054303136992413,-1.4216141837070504,-2.019778214203554,-1.894737980279918,-1.9081964655847803,1.2640173619875128,2.0212742486475044,2.031311977829204,1.9162171448623593,2.070625225884821,1.5514256248797798,1.8175355119260848,1.3408302582683531,1.5080984069070549,2.1692874126150716,1.830069484943398,1.8642078259709218,1.886396191116503,1.7957905013449669,1.8533743969690655,1.6763683114516825,1.396987499235275,1.2991618199252868,1.4891784355759896,1.2936205780342291,1.2516551060600278,1.3999412147119568,1.3574277262834864,1.7283676951610207,1.4715810369275515,1.9754634731491025,1.9714819865972513,0.9923605674596152,1.3630410412270049,1.6583799989226797,1.7136858176732612,1.8131357009697848,0.9529244885475796,1.3844470001399694,1.5903644522906242,1.23327069588986,1.2151386590567912,2.0011347785658935,1.741513006072615,1.2064161593786886,1.9616170962037127,2.037644560102395,1.7655667881848927,1.6770316464230455,1.8970925442441176,1,34,train
-0.7334951805871457,-1.2200762925610587,-1.5843479558816091,-1.1733273106741504,-1.2071325590770787,-1.4804405199584907,-1.3337025425311093,-1.1933240681326265,-1.1730389190795263,-1.5543650221738876,0.9104674777809253,0.8554863667200334,1.0297021909408681,0.9615799803023072,0.8011324047407097,1.0614976343938982,0.5278008062780447,0.7338091315076352,0.6671043267450495,0.9395773781812825,0.749014865362703,0.9409468348163249,1.0390874838215503,0.5116793309338122,0.6745669806171695,0.7023796976376147,0.44503513412179,0.711916079919394,0.5522929032841883,0.7813241831464853,0.9055056709756762,0.43533462418766583,1.103392675224895,0.39893525795707285,0.839292563653978,0.5669870486105727,0.5028521450128809,0.5855776011201758,0.899471546345519,0.3792879931945927,0.544862180509546,0.568278958269036,0.7139550338894851,0.6752212555434121,0.8084052909674705,0.8893434841682384,0.9169885019552098,0.6163467221605321,0.9958092911609504,0.7018610826666786,0.4182589217554812,0.6343158914526087,0.5111982657866492,0.6756599125349104,0.7191607212410802,1,34,train
-1.0670754366213513,-2.3904465504496293,-2.024991230380683,-1.4475609206248066,-0.679236230983815,-0.6092178805842474,-2.084658609925595,-0.21305423165558826,-1.841640001302712,0.4349539818917979,2.2657420339061773,-1.4733719428646812,-0.053363813555856364,1.7140586864849365,1.956370871981851,-0.6096677810057954,2.5535254254752378,1.7257704849946622,-0.22798878781334217,-0.18886241812266533,-0.823645166212745,-2.317621369258724,-1.5579717388804455,-1.0891955058026748,0.2686683444712588,2.524969885326468,-3.1383302727688083,1.5610416769549418,1.8961311011538124,3.253879236208464,0.3611070139793779,-3.1482750454524346,2.845668467883375,-2.2147875982096026,-3.0989613555928517,1.2104534354555863,-0.9037900733877335,-4.857661794996184,-2.5279029158110413,-2.1925518047996033,-2.4714568831387513,-2.6943681194241154,1.8060197460366911,0.19757942754981223,1.9552787275747625,1.7238727479045262,-0.49598398170011104,-0.009778570669614848,3.206445747792571,0.5682221704564705,-0.8642836852278555,-1.0048663349534444,-2.1828087060468664,-0.9773221362278005,-1.5063298880442697,1,34,train
-1.126948815909542,-2.3962176069480936,-2.032266001421941,-1.4990545679081175,-0.7281361013756121,-0.6329671347422253,-2.0804219043267547,-0.18009372656856457,-1.8958216125039427,0.4899944286446034,2.3983232404836476,-1.6173970191867233,0.019041713207155864,1.8083993003944006,2.0909371110231265,-0.5285140647903427,2.677358649024778,1.710965091659035,-0.13946309516471003,-0.055764390866302256,-0.7067098983110804,-2.4180938888843713,-1.465115990135793,-1.162294813416213,0.3780422284626719,2.6145320567116697,-3.1796073400908025,1.7409187504702603,1.9855712474346527,3.263545205923327,0.32649207047094275,-2.969644195355344,2.8434203700863963,-2.189959488176931,-3.1734810685143797,1.3129314155827552,-0.7273637612493514,-4.940226654500723,-2.6444285811910873,-2.45428771344503,-2.4772574967226904,-2.745386838387261,1.883106666894141,-0.08900566924634772,2.031302534925625,1.8730764647543474,-0.7228373621034883,-0.021204214699362057,3.2373328839131728,0.508221026198826,-0.6872162357562754,-0.8898877255472644,-2.0947295604063116,-1.0132565285922073,-1.4834574254616866,1,34,train
0.820361567606376,-1.5028580609858118,-1.4014394268442576,-0.4476261419837681,-1.5183135524794236,-1.7279327474995239,-1.2235481969612552,-1.5436820296132117,-1.1795407124236739,-1.798115572079169,-0.8071957096560789,0.17068789062277767,1.575760538611919,-0.026750260653982273,0.6386373236342635,1.2298164532111335,0.7871496329572701,-0.22558035664101184,0.8687461822224893,0.10048111939116744,0.9828854011660322,1.4487403799513532,1.1899780755316103,1.0574874944482309,1.255463831149341,0.7113359147761349,0.8990828746637233,-0.8911060752318274,-0.11180018285105027,1.0152406502461722,-1.2846762091944028,0.9464936721578029,0.7481932233022629,0.6675302664923357,0.934135834645014,-0.06218008519344065,0.04748152854759724,0.7829277531066365,1.0666605444994974,0.8094452691422945,1.0930201641917847,0.8386781687737068,-0.848339895488165,-0.8734961867388663,0.004725041829784628,-0.9769674147329145,-1.1830256480646248,0.04049426306127286,1.2230503640482329,-1.076354647150784,0.691038506076564,0.8878584660405954,1.1095290137586926,0.912826902139995,0.9821940409407875,1,34,train
2.4013038921445555,-1.4913159479888831,-1.509521739457238,-2.0511143678524513,-1.4727477641597946,-1.5804373795710294,-0.19826544204184457,-1.811028348652404,-1.861145381335155,-1.6447886132677823,-2.960903754281208,1.9424680748109155,1.6662674470656842,1.9836032976548337,1.7786418770216752,-0.23696182505334576,1.5324854501705396,-4.3059467599398875,-0.14684023621876272,2.1519268003642416,1.2764167879395985,1.538351005563417,1.4685453217655675,1.420547388928804,1.3745598381622128,-0.2760870247457133,1.1777030790871823,-3.6897817190436957,1.674766739108733,-0.0673479578184941,-3.062625580309481,1.2295548653885777,-0.348878501623335,1.525228613075528,1.1847930508356093,2.392525020178278,2.0215489130149003,0.9420161409324568,-0.06566494299790274,1.2373265806669926,1.5077640354434254,1.5529402342577432,-0.4860313674581508,-3.1951249506835153,-0.1321178114017673,-3.11892585832272,-2.9719265906741135,1.822894731701837,1.302474428358351,-2.7891145832326347,1.5141628657822874,1.7811538160424552,1.4922177155073093,-0.033445430122716294,1.4373560463341941,1,34,train
2.1846192813872936,-1.322801098233724,-0.7092969249188257,-1.4403757605387633,-0.15689670634416467,-0.46047255191059616,-0.1749635612482216,-1.0663650855752018,-0.8750400574727577,-0.5230118889725078,-2.3362989588495697,-0.014098999752672271,0.10954862166092115,0.3528584000769562,0.26032846293331835,-0.3571895527799424,0.4763983361254054,-2.7424972236976473,-0.4812706306691508,-0.012362860239227341,-0.3272668861403729,0.10458099577039567,-0.011343173852329603,0.5969618564829402,-0.3462559366360189,-0.3029556761612738,0.0787011616390939,-1.4466088022644288,0.8027253128705409,-0.16400765496712502,-0.4318898736684094,0.10280642631461968,-0.43430621790852497,0.32896512968318087,0.08280456884452388,0.4859579480449043,0.6053701372014003,0.48287497100477283,-0.21765494131970142,-0.273913796207473,0.05181002587472821,0.0836011281191542,-0.2753271171144545,-1.4408767824161122,-0.3102307314809301,-1.2424994531944606,-0.40524262953876017,-0.3571181491739299,0.4464595130159669,-0.001788699991151737,-0.21344116825123685,0.03583748864608218,-0.11750460137179243,-0.2777992982006822,0.22511552945728208,1,34,train
2.126171458748822,-1.3262637321328026,-0.7061791659011436,-1.061957329340478,-0.5303138984269785,-0.6154676843100311,-0.11564968286445403,-1.304413177870373,-1.0430030521965727,-0.6855122555760289,-2.2832664762185817,0.2576464272700483,0.323748305001499,0.26076399126057465,0.1486130946726366,-0.1888707339627071,0.6679893612397881,-1.898589803566893,-0.2747106811556758,0.11494829626685908,0.14286061950509488,0.32453434954546145,0.22950142445411245,0.7821467691039037,0.17630817576739893,-0.36788825041554496,0.2850864982490635,-1.7164244125374066,0.5947769727675875,-0.25873415817278334,-0.9385267741100513,0.3556377833751176,-0.355622795014271,0.5411326154169179,0.2837819764207669,0.5074068276064048,0.6506687849126065,0.4627372003939095,-0.10619560921704904,0.11982804897216941,0.18232383151335646,0.12696703923782782,-0.2778966811430362,-1.8635174302165094,-0.27982120854058523,-1.3537700216926323,-0.8427455774595591,0.09076709679216056,0.48175909715379717,-0.7518030032117072,-0.05790894912079491,0.062371013893662175,0.09206302101435478,-0.16520486879220775,0.2845839321719985,1,34,train
2.757693054574262,-2.3373528306637574,-1.8410434483374374,-1.9960281405261187,-1.8028218893044248,-1.5741875758452455,-1.3686553637215437,-2.3237473166727725,-2.07137003279593,-1.7692848618753185,-5.462269185042815,2.162581870699319,2.456694447561901,2.4845070334122257,2.481940899935513,1.4041466584146987,3.0535312715054563,-4.933695437370483,1.7367897795826879,2.1200990112377203,2.030529944203394,2.4018715796433048,1.4453313845794042,3.1432544050211884,2.8182951068488653,1.7995162971063348,1.4511636500953922,-4.6685246190535175,2.871028695614971,1.993436785390317,-3.5000325937342533,1.2240585315394363,1.6114627773420775,2.301671326824523,1.3157670917279924,2.63084590419495,2.7510955551006426,0.8654926126111762,1.4238370405557244,2.0225343066032737,1.5570692509069073,1.6473248643395622,-3.1866431614974773,-4.80463317107407,1.790198460184319,-4.345430988359386,-3.7205427460052585,2.3416189706523602,2.877718370509027,-3.959136896256701,2.138684545675293,1.6720715455801818,1.8597203576627268,2.062727457801011,2.478053093841732,1,34,train
-0.730644067287708,-1.9495378339669527,-0.25098634931955327,-1.5697086420875441,-0.38472564794231,-0.6354670562325389,0.6003535633395972,-1.9099098639134748,-1.579401003088756,-0.6370242429604621,1.258124863917403,0.347322418187546,0.3840862439706758,-0.0896440032602916,-0.4125027322730605,-0.7118613495734026,1.745104758529184,1.0032672902160513,-0.5083201478673439,0.4274393167817985,-0.09816921841466272,0.2566475119605646,0.1540561285990824,1.990721988314402,-0.059453307502980265,-1.5344355327077963,0.2799268648338143,0.9367624218135422,1.717250808592132,-1.2639950085185447,0.4964199749668971,0.27044460871342807,-0.661364095403372,1.3604602464950726,0.27249111082659594,1.491672078595259,1.6663121493849145,0.5976602634866938,-0.4380404388863095,-0.2557060808234433,0.04310910549881966,0.10655955165256964,-0.36526185811481265,1.147073485621938,-1.2138279845654636,0.05228534387517395,0.5216154675378952,-0.07604730604214864,-0.20658279353389303,0.20548798017161998,-0.19190593791009875,0.1832459622437488,-0.16002556823274983,-1.501964264748139,-0.2369082147108995,1,34,train
0.7262748287249334,-0.5448626822407293,-0.665648298671276,-0.9302293944296824,-0.6836816737467057,-0.8229611680060488,-1.1504650253812558,-0.8527321822333815,-0.6724008315801552,-0.9030530689323555,-0.2827633814163075,0.00764063440914537,-0.14990451590653933,0.0024504055560899156,-0.36172301942729607,0.03655625552466166,-0.23622681826345734,-0.4772720433466754,-0.1296269070926398,-0.052870955491163926,-0.3463583584508487,-0.07464025545373201,-0.011343173852329603,-0.297286339989344,-0.1469524146961107,0.10903031221065379,-0.2463557435216083,-0.4096703784702394,-0.22583636935912155,-0.0035525577003977047,-0.18329164301692052,-0.166513932293302,0.040042417253977385,-0.1450260618496359,0.028608413992503277,-0.07886254707460767,0.021255995662162058,0.04387157168795213,0.10912355507216576,-0.24887818755443217,-0.0380994846763268,-0.16894153074841578,-0.681318233630357,-0.248219611910881,0.4391467981204256,-0.3346327693116504,-0.1816300117125741,-0.02805960111721038,-0.14480852129269006,-0.26088455019461637,-0.2541188255622755,-0.17348254386260445,-0.13876508480227112,0.06717086849762263,-0.1431311181223082,1,34,train
0.704891478979151,-0.4213620731735921,-0.4266201073156463,-0.7841311393468002,-0.23358059400402825,-0.4179738865752672,-0.813646930273433,-0.6561899111589069,-0.5087723657524388,-0.47059241587459777,-0.20026840843477045,-0.2369302499113031,-0.3641041992471172,-0.22217010375215768,-0.521679114891454,-0.4684002009270443,-0.624081820324281,-0.41508939133704087,-0.5796325113898532,-0.23805081950001689,-0.5873881963706064,-0.34890307929671527,-0.31892784156899057,-0.38987879629982575,-0.4677824744042556,-0.2559355361840429,-0.3830860290257132,-0.15043577252169213,-0.40695266557782295,-0.1408093276514536,-0.11720856904627158,-0.48255312861892435,-0.31515703466865475,-0.3571935475833729,-0.210757936603921,-0.24330395704611116,-0.17662757065521253,-0.21389189213109855,-0.3569791064480169,-0.5584093490829372,-0.3136286299134309,-0.4265860615123003,-0.560548724287019,-0.2192716223355113,0.13939578627988333,-0.31187288030066074,0.0030934551873187817,-0.31370070186089055,-0.3499873540938285,-0.13542761220135982,-0.5699688705656345,-0.5184183720811444,-0.3604815548629776,-0.2610299150972924,-0.35584502014033237,1,34,train
0.580868050453613,-0.40289469237850617,-0.5627622510877658,-0.7613781324076628,-0.3402712203134036,-0.6642161533711437,-0.7998776370772013,-0.7269939591236245,-0.6355573359633184,-0.6789598214387901,-0.1678596690491666,-0.05214335953585315,-0.18610727928804544,-0.11435225928419883,-0.5521469425989127,-0.3121041548824687,-0.4208084156297529,-0.14859231129575004,-0.48864777172320345,-0.04708408474088727,-0.5229544773227504,-0.14524256654202475,-0.434997527499806,-0.3167794886862875,-0.3559780596574778,-0.19324201621440176,-0.5249759479450673,-0.1874692876571989,-0.3376365522101718,-0.20073833988360476,-0.22420021261779843,-0.43583429090122366,-0.44105051129946105,-0.2646524101888706,-0.26043774521827323,-0.109844261996775,-0.11225580811823525,-0.11320303907678188,-0.20498910812621818,-0.4764746298548035,-0.3513326182090346,-0.34495611117126757,-0.5554095962298556,-0.10637446299156951,0.07423252283628719,-0.21577557114314883,-0.16542619882661858,-0.2062996479812668,-0.3477811300852141,-0.09451774111660224,-0.4431502918900434,-0.4358696268664511,-0.5032305150390489,-0.16760049494983487,-0.3993026990472406,1,34,train
0.7319770553238087,-0.5864142890296726,-0.42038458928028205,-1.2044630043803386,-0.07799009730285579,-0.3092273017466314,-0.8824933962545919,-0.6940334540366008,-0.650728187099663,-0.37230590381601647,-0.2297308987853194,-0.2369302499113031,-0.5028814588762239,-0.06268954214330189,-0.4226586748422134,-0.5285140647903427,-0.3951071805534333,-0.7289637300523389,-0.7935696019573808,-0.34800136375527335,-0.4298835498091806,-0.2511460331744638,-0.3682574580895871,-0.2631733297696928,-0.47021300515962033,-0.15293903909106102,-0.2463557435216083,-0.2668268200904277,-0.044720073140420105,0.017712575672301095,0.052719335449682825,-0.30941861237097473,-0.4028328487508234,-0.2443385019803213,-0.2401141871487655,0.0140825976918943,-0.11463994747145663,0.06803689642098813,-0.3367137733384437,-0.44688709235575524,-0.4934476510155409,-0.34495611117126757,-0.545131340115529,-0.16716524109984587,0.41308149274298717,-0.26888197883545806,0.041982606113612014,-0.5353581960379864,-0.22423258560280815,0.09639499061226645,-0.5723616739368721,-0.45945498264207774,-0.5305654223068073,-0.09812733637864846,-0.4679200867949903,1,34,train
2.2444926606754843,-0.5714095421336652,-1.5032862214218738,-0.9386120811967331,-1.3516094488710246,-1.4666909517617666,-1.4904606496882093,-1.2787772294693545,-1.514383069647279,-1.525534311970037,-0.9368306671984943,0.7304834702895819,0.14575138504242727,0.6830505487600801,1.3571702604018303,1.359061260517225,0.12359047280501761,-1.7564580275448711,1.026125191375613,0.6994222420448013,1.025841213864603,0.3109569820284821,1.26252162923837,0.07795677242681884,0.2370714446515173,1.3584226030342168,0.8423269070959816,-2.7004578147094436,-0.10509217187998725,0.13950379407957605,-2.5811631842376106,0.8777894990435371,1.3461872372985928,0.7668427066230211,0.9296194884073457,0.6170344342540737,0.5648397681966368,0.8091068549007588,1.127456543828217,0.6888191547230977,0.7797870306590768,1.055507724367075,-2.793499865124483,-1.9793093885179882,0.7388978099609679,-2.830633930850184,-2.4890529666726393,0.6026359493248354,0.19715620004254067,-2.2518316096528186,1.057137421875912,1.212157107955462,0.808845033813351,0.953552546819656,0.8929914368687129,1,34,train
0.9472361094313516,-1.1288935998853218,-1.4814619082980989,-0.6703661046511132,-1.7628129044384089,-1.8616785472312942,-0.9661683318316925,-1.9624025201631794,-2.0421119627472653,-1.9868256752316453,-0.8101419586911338,0.5565663969950408,1.2288173895391519,0.3034418880291417,1.7532520205987931,0.7729510878500663,0.9366840915831298,-0.42397262733841723,0.7580890664116992,0.5605373440381616,1.4005113579576913,1.1989168176389329,1.555597586213679,0.9380919586794518,1.0318550016557853,1.0001739174934101,1.3170131812989119,-1.5233210836165498,0.06260810239658815,0.433349273411414,-1.435723235413029,1.3779558793153917,0.590826377513755,1.6854827778318613,1.3202834379656607,0.25716989938889945,0.4074865708840257,0.9420161409324568,0.7956117141589565,1.471750916236375,1.7194864312572002,1.9406824983776485,-0.8123659990880218,-1.2671888449638942,0.0807488491806468,-1.123642255025959,-1.3288599640382246,0.46095796335597006,0.7840117863339688,-1.3354504973542487,1.8874401916953483,2.229275575779362,1.7382318809171342,0.8601231266721984,1.457941262658519,1,34,train
0.9999817054709482,-1.725620841826536,-1.582269449869821,-0.9853156217560152,-2.031762191593293,-1.9454259171567954,-1.6758165196374828,-2.0576217570812476,-1.5013794829589837,-2.034003201019764,-1.3286817888607956,1.1408190650938899,2.3028327031905,0.8020994186934514,1.3825601168247126,2.2006553546034016,1.4133251784530576,-0.7319248087194644,2.1745001487898135,1.1334375483155503,1.7895001062836369,2.0868766532493837,1.6252393977721682,1.9444257601591612,2.3127447097330003,1.5756108686433308,1.5698352186461246,-1.1635669365859127,0.6976331409905536,1.7691862880054932,-1.4923658702450138,1.6060537340547538,1.6182070707330136,1.4484871820654528,1.3135089186091582,0.6432497314959076,0.9772958763039357,0.9802779050930972,1.889939702075907,1.9269438008371178,1.8325983961440113,1.4279443727980368,-1.4624656983191822,-1.35692761264754,0.8518474665965345,-1.3411256389087491,-1.4746942800118241,1.1670627643943474,1.6885636298658695,-1.5454545022560044,1.6840519051401548,1.5747819530057219,1.9508367152219213,2.2112562795738926,1.7438470449408097,1,34,train
2.404155005443993,-1.5536433581722982,-0.4349341313627987,-1.5864740156216455,-0.3725006803443608,-0.5842186656811127,0.7994787264851027,-1.6291351909499396,-1.570731945296559,-0.5125279943529258,-3.049291225332855,0.14351334792050563,0.341849686692252,0.2001164537473478,0.052131640265684155,-0.7509353610845465,1.4109887025370287,-3.364323743793993,-0.5993048875339937,0.30302159565085035,0.188202866242475,0.12630478379756266,0.4152129219434172,1.2962785659857892,0.052351107243797504,-1.785209612586361,0.33668283240155594,-3.04963095741565,1.240982029646658,-1.242729875145846,-0.9574076523873796,0.3583859502996882,-0.6995817579520097,1.1663495680578237,0.4170141904319842,1.4773728255542586,1.4135933779434482,0.6459909129527658,-0.4101756058606464,-0.030385602946075674,0.16202168396956984,-0.043945669288709424,1.4822546784354018,-2.8043270914160243,-1.461448385651129,-0.8884567352457324,-0.5672807583983153,0.003932202166081799,0.15523794387886722,-0.47634320457433965,-0.11772903340173412,0.17440145382788882,-0.19950932317506742,-1.5067555170633933,0.2274027757155404,1,34,train
-0.7349207372368645,-1.5409470338756766,-1.1728037655475685,-1.5265976815712838,-1.3382731205823526,-1.3966931500329895,-1.0371331506122716,-1.5021762083925152,-1.2098824146963632,-1.4141429316369782,1.0135861940078468,1.1544063364450259,1.4611184545704827,1.017735107629369,0.7148068929029101,0.7579226218842416,0.8642533381862291,1.071372099559937,0.6277595744567686,1.3099371061989884,0.7824249419060358,1.2695191287272256,0.8969021185563013,1.0599241380353488,1.1703952547115752,0.48743048631313074,0.7055966215918767,0.6140417899184117,1.1850819382211328,0.8547855529794448,0.8111012795890349,0.767862822060712,0.5009024656346076,0.6855870737888239,0.733158427068771,0.9554500895577476,1.0750455897860123,0.6177980340975572,0.6588207156693376,0.7320624787601683,0.8696965412101318,0.7493954105882022,0.6137420367748003,0.8373299971654823,0.8583637929408942,0.7401397673184172,0.8456917252570054,1.139641218722954,1.0178715312470943,0.7591349021853392,0.8011074611534922,0.955666363895522,0.8149194576506307,0.7786718373128765,0.794639847763605,1,34,train
-0.5524494860728546,-1.135818867683479,-0.6438239855475011,-0.5601936499984479,-0.7425837903550067,-0.8792094015381018,-0.5710955347398121,-0.7782658559256613,-0.47084523791157734,-0.8611174904540274,0.6865525511167532,-0.10377499067017004,0.3599510683830051,-0.24463215468298244,-0.5826147703063714,-0.39626356429108633,-0.30164814391227096,0.328141354111448,-0.30176019835386897,-0.24383769025029356,-0.31772114998513495,0.25121656495377287,-0.15643028126584893,-0.04631205051619613,0.11311437612791586,-0.3589320332770248,-0.20249885949198976,0.37596919261872547,-0.12074419747913429,0.16463531533822007,0.37684107921048476,-0.4138489555046586,-0.3601189906082284,-0.363964850319556,-0.12268918496938755,-0.4005957404971145,-0.16947515259554838,-0.0789688290383142,-0.22778760787448799,-0.5037862029308481,-0.18891543785874165,-0.2607752248820776,0.19747266414457118,0.48705932330350904,-0.2298627065671615,0.33299064167737985,0.46976326630283766,-0.24286170887645786,0.04272051943953324,0.29548969655808666,-0.40965104469271746,-0.3238391869322244,-0.2572163496292239,-0.2586342889396653,-0.30781284871690756,1,34,train
-1.1968010917457645,-2.3004180690735856,-2.047854796510352,-1.4355856538147342,-0.9059538118912378,-0.5192207069329626,-2.154564252306464,-0.4352324511310814,-1.4677868840142207,0.40743375851539515,2.4395707269744165,-1.5250035739989982,-0.3128169511233168,1.6915966355541117,1.1667463372302138,-0.7779865998230308,1.5745420166590627,1.7938752943385476,0.2933291800063804,-0.39140289438234827,-0.31772114998513495,-2.2660273726942024,-1.7320762677766688,-0.7919249881742859,0.6769975113725342,1.8823613056376463,-3.3421357926711535,1.4711031401972825,1.7485548597904261,3.2306809088927926,0.16915141815987383,-3.1592677131507174,3.0210200960477125,-2.1222464608151,-3.0379906813843283,0.6265672696147406,-0.6272299084140535,-4.968419533355932,-2.5203034158949515,-1.910332216347143,-2.4192513608832997,-2.3117277272005246,2.0655457129234387,0.29889739106360613,1.9856882505151074,1.984347033252519,-0.5089470320088755,0.14561018813494717,3.1005469953790805,0.712770381622614,-0.7422507132947395,-1.408765552611051,-2.2951855470365397,-0.5077794093328855,-1.0809020840082213,1,34,train
-0.5467472594739793,-0.9638413840292412,-0.45883695049836165,-0.19734306565325666,-0.42584599349904845,-0.8017118353383843,0.15973618106018106,-0.7489676291816403,-0.656146348219786,-0.7903512017718489,0.324163919805001,-0.31845387801811925,0.09748103386708577,-0.48946850982897233,-0.4785163589725543,-0.8290833841068344,-0.030616937652900224,0.2185814434278062,-0.6779943921105556,-0.2698786086265385,-0.6017068006034633,0.10729646927379155,-0.48722888616867294,-0.07798841714872935,-0.26118736019825317,-0.8313724873339634,-0.4836988806230734,0.3415809285643263,-0.3756486143795289,-0.49071743132949747,0.5027136010593398,-0.4220934562783705,-0.7962499632220932,-0.24885270380444338,-0.35302284309047505,-0.42442782889878167,-0.2719931447840677,-0.1152168161378682,-0.6432269366207377,-0.41502359043370324,-0.3397313910411565,-0.1561868510076294,-0.2239358365428213,0.2902129941909952,-0.5361300447520634,0.2672398512011875,0.5021708920747486,-0.3114155730549411,-0.1580458653443764,0.2000333306936523,-0.46229271885994394,-0.2147569164699511,-0.354407131025698,-0.5461094278549193,-0.3901537140142073,1,34,train
-0.7121118308413633,-1.7533219130191648,-0.8631063697911439,-1.1409940902869553,-0.934849189850027,-1.2566975465754353,-0.14212909285720743,-1.3703341880444202,-1.0072431888037605,-1.2752313279275167,1.090188668919274,0.6435249336423113,1.322341194941376,0.37532045100778094,0.13337918081890726,-0.6036563946194656,0.7778037292931539,0.7930307048501443,-0.5624191822637302,0.7196762896707696,0.11183697700057162,1.0957288245098897,0.368785047571091,1.1281501584746512,0.769357680076394,-0.46640663893926676,0.2541286977575681,0.7595305993793312,0.9212335066926541,-0.13694293976550836,0.7670458969419356,0.226473937920298,-0.5624477923363099,0.43504887255004937,0.33120361191628495,0.4192281005202362,0.6077542765546217,0.4285029903554418,-0.40257610594455645,0.24273012781436992,0.7536842695313513,0.4305284170685432,0.02531187422959987,0.9473323575518872,-0.2819933173220384,0.44173233361877495,0.7873579988675657,0.33299075022280133,0.6825254819377068,0.5764041446734219,0.1694073711467741,0.5222854515183821,0.5597936564848862,-0.33529432598373304,0.428680446442273,1,34,train
-0.49685277673382033,-0.9961593004206417,-0.4411696493981629,-0.26919466651369056,-0.49919579908674405,-0.7829624241610333,0.17986053265467364,-0.7465261102863052,-0.737418765021632,-0.7575890310856551,0.6158425742754357,-0.26682224688380235,-0.06241450440123289,-0.42882097231574545,-0.5242181005337423,-0.8711630888111431,-0.12641245021009162,0.20969820742642983,-0.8722591065339428,-0.4174438127585932,-0.6231847069527485,-0.12351877851485775,-0.34794526305169443,-0.20469388367886227,-0.3827138979664899,-0.7865914016413627,-0.4707997970849503,0.29396640910438904,-0.5098088338007892,-0.539047279903813,0.4649518445046833,-0.5237756324874838,-0.8591967015374963,-0.34590804302306777,-0.2717286108124442,-0.4411102907799487,-0.39120011244513675,-0.1635474656039402,-0.648293269898131,-0.48330252312381466,-0.4992482645994799,-0.2684280327265494,-0.03378809842777834,0.17731583484705343,-0.5513348062222359,0.12056501090814296,0.33365123806081126,-0.4668043318595031,-0.32351266599045575,0.20276065543263616,-0.4742567357161318,-0.30320200062855107,-0.44248627666625256,-0.7161988850464447,-0.4839308106027986,1,34,train
-1.2082055449435152,-2.3512033662600715,-1.6955480275122716,-1.9636949201389233,-0.7659223648601826,-0.7779625811804064,-1.7806749832087863,-0.18863904270223736,-1.6563388909945034,0.6013858089776623,2.4926032096054045,-2.0494722481528487,0.3720186561768405,2.015050168957988,0.8239832755213037,-0.5675880763014866,2.1119314773457463,2.146243655726477,-0.4812706306691508,0.38403778615472356,-1.1124036849086922,-2.5755913520813323,-1.6914518777008833,-1.1281818031965618,0.4533886818789786,1.700997908582613,-3.1718678899679285,1.7250472439836146,2.8196006115034877,2.6487895320580344,0.6946691968788439,-3.1125488754330166,1.5147945720719942,-2.4788684049207435,-3.5009161707453376,1.7490586333332645,-0.8680279830894129,-3.363439215670124,-2.7862859129580992,-2.4338040336379967,-2.520762098602233,-2.791303685454092,1.6672632884932814,-0.054268081755904085,2.3115045677330883,1.622717685633461,-0.5867253338614619,0.3535569094763463,2.4497109128378347,0.5382215983276483,-0.8953901290539439,-0.8987322339631243,-1.7727850970304915,-1.15220284573458,-1.6458519097980275,1,34,train
-0.6650684614006419,-0.5587132178370438,-1.2684150420898204,-0.7697608191747134,-1.6083337684279593,-1.8079302351895548,-0.5011898923589432,-1.488747854468172,-1.0765956511413357,-1.8020470325615123,0.5775413368197221,0.5891758482377673,0.20005553011468644,0.21359368430584266,0.4075896301860353,0.02753917594516691,-0.14510425753832407,0.37551861278545523,-0.08290501375030616,0.6357666637917581,0.9566346267391279,0.2729403529809399,1.0855153581938763,0.017040682748870325,0.19332189105495207,-0.03874727057492892,1.0590315105364498,0.6352037985672728,-0.11850819382211328,-0.1292101639936179,0.9621483058076611,1.10863552070747,-0.04313720123423393,0.3515361388037912,0.8144526593468019,0.11894378665922985,0.2858954638697353,0.6963353394799242,0.1673863877621886,0.8185491268343095,0.9393039042174003,0.5835845739579796,0.2103204842874795,0.767854822184595,-0.14515046409048651,0.7173798783074276,0.9850445160762229,0.47009847857976783,-0.01684752879305533,0.8354999948768868,0.5666127307722104,0.6608494167001887,0.9151474509657446,0.1198746439654192,0.7420331838236635,1,34,train
-0.7349207372368645,-1.3101047739371026,-1.660213425311874,-1.713411843808412,-1.6783494919434867,-1.8241797248765923,-1.4184366545079201,-1.8769493588264512,-1.6411680398581587,-1.9370271757886306,1.0018011978676271,1.999534614485687,1.575760538611919,1.7297821221365137,1.6618485374764171,1.6355850342883973,0.9997689413159144,1.1424379875709478,1.3753098679341065,2.0969515282366133,1.5150601918205464,1.4568868004615407,1.6890777250341167,1.1257135148875332,1.209283746797411,1.4950049143966493,1.2654168471464193,1.0108294520845558,1.0822257699981666,0.9978419047594185,1.1257825842111726,1.2515402007851426,1.3933972910351453,1.392059659263927,1.3744795928176814,1.6322814001650954,1.7354521906283344,0.9299334785659388,1.4719672066909606,1.3397449797021599,1.4874618878996388,1.532532746672485,0.942646232433253,1.1007567023013465,1.566471255694639,1.01578731200707,1.1341195946270137,1.7337747082698087,1.1259765076691997,1.0045941286938846,1.528519686009713,1.680916053996042,1.4405851128904326,1.605162861694232,1.640920963319185,1,34,train
-0.6679195747000796,-1.0631035558028281,-0.9483251162744554,-1.3685241596783293,-0.7937063821282491,-1.0517039843697311,-0.4980123631598128,-1.1945448275802941,-1.2987402570663813,-1.0341017516771305,0.8102950105890588,0.5022173115904968,0.706894217455772,0.6224030112468533,0.37458281683628836,-0.17083657480371758,0.41097701047659174,0.8078360981857715,-0.16651261236290318,0.6675944529182797,-0.0623727078325205,0.5906507528782571,0.29914323601260173,0.3727906464680896,0.19332189105495207,-0.016356727728628506,0.15351584616020789,0.7542400972171159,0.4516727387182431,0.07184200607553441,0.6002648054922025,0.13578442940946722,-0.19375975363180578,0.3515361388037912,0.2905564957772695,0.850588900590412,0.6315956700868355,0.3358692455454705,-0.09352977602356582,0.04472122301304687,0.35344193223955794,0.3106344275051514,0.2694204569448577,0.5739032920296181,0.17849374434604104,0.4796654819704244,0.576708431350144,0.3032840757454586,0.4839653211624116,0.4127646603343917,0.030624775614995124,0.40141050316829546,0.2621468884581844,-0.07177544864475016,0.3326161035954233,0,34,train
-1.1725666287005445,-1.135818867683479,-1.7672564849189605,-1.888250739235468,-0.7203565765405535,-0.9742064181700135,-2.138676606310812,0.3607027087481576,-1.3496709715955382,0.7088457288283777,1.1373286534801523,-2.0684944280444393,-0.41237455042245863,1.9836032976548337,0.3161861470636593,0.2710003245915252,-0.383424800973288,2.015956194372957,-0.1542173772728154,0.7312500311713229,-1.12194942106393,-2.1601239060617634,-1.2445835868672437,-2.275840932729112,-0.5382678663098329,1.6226310086205615,-3.0712550383705683,1.291226066681964,0.6909251300194906,1.30908612957801,0.8079544665428136,-3.3873655678900794,2.3803122239087875,-3.4110510816019497,-3.7244753095099226,1.1437235879309182,-1.676251223831461,-2.9868629052469795,-3.1662609087625957,-2.6591245115153646,-3.155929286043557,-2.7989564932985638,2.003876176237479,-0.3119051889766943,2.774163738182621,1.5721401544979285,-0.6936704989087683,0.26215175723836864,0.5082337852571699,0.5109483509378099,-1.043743938070673,-0.745427421421551,-1.0803007795806137,-2.0769145425786473,-2.3983559287650165,0,34,train
